.DATE:   30/ 3/2022 Time :14:41:52   FILE :am 241 10mm air30 march.txt
ID:\Spectrum ID
Dwell Time :98µs  Sync Pulse :External  Channel Advance :Internal
CHNLS:4096 RT: 1000   HWLT: 1000   CRLT: 1000
0    0    0    0    0    
0    0    0    0    0    
0    0    0    0    0    
0    0    0    0    0    
0    0    0    0    0    
0    0    0    0    0    
0    0    0    0    0    
0    0    0    0    0    
0    0    0    0    0    
0    0    0    0    0    
0    0    0    0    0    
0    0    0    0    0    
0    0    0    0    0    
0    0    0    0    0    
0    0    0    0    0    
0    0    0    0    0    
0    0    0    0    0    
0    0    0    0    0    
0    0    0    0    0    
0    0    0    0    0    
0    0    0    0    0    
0    0    0    0    0    
0    0    0    0    0    
0    0    0    0    0    
0    0    0    0    0    
0    0    0    0    0    
0    0    0    0    0    
0    0    0    0    0    
0    0    0    0    0    
0    0    0    0    0    
0    0    0    0    0    
0    0    0    0    0    
0    0    0    0    0    
0    0    0    0    0    
0    0    0    0    0    
0    0    0    0    0    
0    0    0    0    0    
0    0    0    0    0    
0    1    0    3    0    
0    0    2    3    5    
5    9    22    36    49    
85    108    144    185    298    
438    597    779    836    894    
828    733    631    581    515    
549    474    469    503    473    
511    458    436    470    420    
455    449    456    426    462    
453    385    441    454    449    
453    436    432    431    416    
398    376    425    414    409    
408    379    386    416    396    
404    434    403    371    373    
398    417    400    384    431    
390    408    367    412    410    
399    392    401    425    365    
410    433    406    414    389    
401    412    419    369    389    
448    406    414    451    393    
373    394    365    392    401    
391    394    398    407    399    
417    405    474    441    394    
447    397    410    389    382    
402    417    419    394    429    
392    461    441    445    405    
452    439    437    424    437    
465    450    424    427    443    
412    401    424    429    400    
436    456    404    396    443    
437    440    450    444    442    
451    463    452    475    429    
463    479    455    456    455    
429    432    466    476    447    
438    493    481    466    529    
438    505    495    498    462    
486    444    495    516    458    
479    466    474    542    499    
516    510    473    479    515    
493    482    536    496    554    
515    519    507    495    531    
506    513    492    533    515    
504    486    542    533    522    
490    518    534    515    568    
520    522    557    498    548    
560    500    534    555    550    
531    598    576    519    563    
544    559    564    508    590    
570    553    586    627    577    
576    571    569    576    600    
593    583    597    554    600    
612    592    563    612    605    
597    595    609    619    569    
566    581    571    642    564    
623    608    635    602    605    
639    618    607    619    643    
582    604    617    632    613    
647    625    663    673    669    
650    613    576    655    668    
662    651    667    659    662    
675    698    610    654    695    
612    632    647    672    683    
651    680    678    653    642    
637    643    647    661    709    
692    686    693    690    732    
670    688    679    717    691    
678    740    719    725    740    
751    710    762    739    705    
699    703    756    755    713    
724    721    689    721    782    
749    757    804    714    704    
737    714    766    731    729    
781    773    705    724    811    
768    775    796    802    824    
788    789    786    772    811    
818    807    838    770    749    
832    894    837    758    825    
876    805    825    841    813    
832    818    897    871    829    
822    809    873    866    855    
807    862    836    878    905    
853    933    851    876    903    
893    868    866    881    925    
901    922    912    884    869    
865    905    865    909    934    
908    951    932    967    971    
957    940    930    942    963    
909    935    943    1005    982    
962    975    970    979    938    
953    1022    989    967    972    
1002    1020    976    986    945    
949    982    1013    1011    1001    
1017    1007    983    1035    1044    
1028    1058    1049    1002    1107    
1068    1056    1042    1031    1063    
1063    1032    1019    993    1022    
1073    1054    1046    1047    1029    
1000    1050    1160    1085    1080    
1085    1065    1164    1113    1126    
1113    1084    1145    1117    1116    
1098    1107    1063    1115    1093    
1151    1108    1183    1127    1187    
1171    1162    1143    1170    1135    
1224    1160    1198    1145    1180    
1157    1190    1189    1191    1252    
1242    1208    1211    1236    1234    
1216    1282    1248    1237    1192    
1223    1258    1223    1234    1293    
1271    1258    1257    1302    1293    
1300    1270    1207    1326    1316    
1243    1230    1397    1298    1289    
1260    1304    1365    1344    1283    
1309    1265    1374    1348    1339    
1330    1297    1356    1378    1348    
1304    1416    1372    1341    1396    
1350    1335    1420    1381    1353    
1398    1445    1411    1379    1432    
1448    1379    1292    1467    1450    
1447    1459    1441    1450    1472    
1507    1409    1426    1492    1536    
1483    1496    1465    1394    1429    
1426    1437    1470    1490    1417    
1521    1530    1452    1487    1486    
1468    1480    1584    1570    1482    
1576    1528    1577    1515    1526    
1612    1575    1530    1524    1650    
1629    1601    1565    1622    1607    
1596    1636    1676    1643    1651    
1707    1691    1627    1682    1726    
1628    1683    1692    1643    1658    
1620    1696    1699    1704    1729    
1673    1676    1755    1695    1726    
1753    1673    1770    1721    1797    
1768    1778    1728    1824    1781    
1658    1869    1853    1785    1853    
1846    1764    1846    1884    1826    
1891    1912    1815    1917    1847    
1902    1819    1824    1871    1743    
1897    1879    1824    1871    1938    
1898    1852    1926    1901    1928    
1895    1868    1973    1923    1958    
1931    1970    1965    2004    2006    
1944    1964    2001    1990    2061    
1855    2044    1968    2095    1932    
1955    2030    1999    2075    2004    
2039    1946    2024    2098    2060    
2039    2082    2092    2098    2051    
2055    2043    2076    2141    2065    
2015    2089    2129    2147    2087    
2061    2086    2136    2094    2049    
2149    2144    2049    2128    2162    
2123    2145    2197    2142    2156    
2290    2140    2251    2137    2194    
2145    2163    2188    2264    2153    
2177    2268    2170    2199    2270    
2271    2307    2172    2159    2273    
2211    2241    2260    2228    2292    
2269    2228    2168    2300    2263    
2166    2185    2311    2247    2289    
2295    2261    2319    2251    2340    
2277    2297    2268    2327    2258    
2340    2300    2241    2291    2317    
2291    2386    2202    2224    2305    
2246    2228    2275    2332    2297    
2250    2246    2276    2326    2290    
2246    2250    2202    2309    2294    
2191    2233    2126    2305    2299    
2157    2177    2252    2254    2191    
2194    2198    2258    2192    2097    
2140    2097    2117    2144    2090    
2113    2042    2010    2062    2067    
1991    1969    2081    2008    1992    
1962    1899    2070    1886    1861    
1906    1901    1840    1828    1838    
1775    1776    1795    1771    1752    
1727    1758    1739    1745    1750    
1639    1684    1601    1553    1608    
1552    1509    1562    1476    1464    
1470    1443    1465    1403    1350    
1329    1284    1269    1230    1228    
1270    1192    1212    1191    1125    
1110    1031    1098    1044    1053    
991    996    1015    909    965    
894    896    873    840    845    
834    789    756    769    772    
689    718    654    681    640    
621    557    577    568    607    
560    561    530    554    466    
493    487    457    423    430    
411    429    358    363    361    
370    326    344    315    303    
278    275    253    253    271    
242    255    238    225    222    
215    209    203    203    168    
166    168    180    128    148    
159    124    123    125    119    
109    119    120    111    111    
98    90    94    75    89    
88    80    62    77    86    
73    71    72    52    65    
56    58    57    51    58    
52    58    43    43    36    
40    50    37    64    36    
39    39    32    28    32    
38    41    34    47    28    
29    22    24    32    26    
23    27    26    20    20    
18    24    25    28    25    
17    19    20    19    25    
26    25    22    22    20    
19    10    20    15    15    
18    15    13    15    20    
15    11    14    14    19    
17    16    13    14    9    
27    23    13    10    24    
7    10    15    18    18    
20    9    14    14    11    
18    16    10    12    17    
18    10    18    21    9    
15    17    15    9    13    
8    15    11    12    14    
8    12    12    20    17    
11    15    7    11    17    
14    10    10    18    10    
16    14    10    3    10    
16    18    16    9    11    
11    10    8    15    19    
14    11    9    19    18    
10    10    11    11    11    
5    10    14    9    19    
8    10    5    14    16    
12    16    12    9    11    
7    13    9    17    3    
14    8    6    12    6    
11    12    16    10    9    
10    13    11    9    9    
4    19    10    19    7    
10    14    10    8    5    
7    14    10    13    13    
7    14    12    8    7    
10    13    13    17    8    
11    9    7    14    6    
12    15    14    10    6    
16    5    14    16    16    
11    10    9    13    8    
4    11    7    10    13    
8    13    11    12    18    
12    6    7    10    7    
16    8    11    15    11    
14    9    11    9    20    
15    3    5    10    11    
18    11    10    12    16    
6    6    7    11    15    
19    13    12    9    9    
9    20    7    9    8    
8    10    8    7    6    
11    12    12    16    12    
11    10    5    14    11    
17    5    13    13    11    
14    12    14    14    6    
16    16    11    6    10    
9    8    4    4    8    
15    13    16    8    11    
10    16    9    16    7    
9    11    7    12    9    
12    9    14    14    12    
8    5    4    9    11    
14    12    8    12    12    
8    11    11    14    18    
14    7    15    8    9    
4    11    8    11    12    
7    9    10    5    8    
10    14    5    10    7    
8    11    5    12    11    
7    15    11    12    6    
9    9    14    7    12    
8    6    8    9    9    
10    11    6    14    17    
8    6    16    6    8    
14    14    11    7    13    
10    12    10    7    3    
7    20    10    6    8    
12    10    12    11    12    
9    8    14    11    7    
12    7    3    11    4    
12    8    6    15    9    
10    12    9    7    8    
12    12    10    7    6    
11    11    13    16    8    
6    5    9    9    12    
13    10    11    14    8    
12    14    14    4    10    
9    8    9    11    9    
7    7    6    13    15    
4    6    10    8    7    
9    15    7    10    8    
10    6    6    7    7    
9    9    7    6    9    
7    16    7    11    9    
7    11    12    10    6    
12    10    5    7    9    
10    14    6    3    6    
6    7    13    9    8    
7    11    5    9    8    
6    10    6    11    7    
2    10    9    7    8    
9    10    3    7    4    
8    8    6    12    4    
6    7    15    5    10    
8    6    6    5    7    
4    10    7    5    8    
6    5    6    9    8    
7    9    7    5    11    
9    8    9    5    10    
4    7    13    5    3    
11    3    4    4    8    
7    8    6    3    9    
8    7    6    5    4    
3    8    9    3    9    
5    8    11    5    5    
7    5    7    3    6    
7    8    9    10    10    
4    4    7    1    7    
10    4    3    2    9    
7    10    7    6    8    
5    4    5    5    3    
5    3    2    3    10    
7    4    9    3    3    
4    8    5    6    6    
2    5    8    7    3    
5    1    7    4    4    
7    6    1    3    3    
3    4    5    3    2    
4    5    3    3    1    
7    5    5    9    4    
3    6    2    5    2    
8    6    2    5    3    
7    2    3    2    6    
4    3    4    1    5    
1    1    3    5    4    
2    7    5    2    7    
3    5    4    6    3    
1    3    2    9    2    
3    2    2    4    3    
4    6    5    8    4    
4    4    5    0    2    
4    1    0    3    5    
5    1    3    8    4    
6    3    4    4    1    
2    5    3    6    2    
2    3    1    5    2    
3    2    2    0    7    
3    0    3    2    2    
5    3    0    3    3    
3    6    0    3    3    
2    2    2    2    5    
4    2    1    2    3    
2    1    3    6    3    
3    3    5    5    0    
2    1    2    4    4    
1    3    2    4    2    
3    2    3    0    3    
2    2    3    2    2    
1    1    2    4    2    
4    2    1    2    0    
0    1    2    5    6    
2    1    1    1    2    
4    4    2    2    1    
2    3    1    5    2    
2    1    2    1    3    
1    0    0    1    1    
3    1    0    1    3    
1    0    2    2    1    
2    2    0    0    0    
3    1    2    0    1    
2    2    0    1    0    
1    1    1    0    1    
0    0    4    0    3    
2    2    0    1    0    
0    1    1    0    0    
1    1    1    2    0    
0    1    0    0    3    
1    1    0    0    0    
1    1    0    0    0    
0    4    0    0    1    
0    0    1    0    0    
1    0    1    0    1    
1    1    0    0    0    
2    0    0    0    0    
0    0    1    0    0    
0    1    0    0    1    
0    1    0    0    0    
1    0    1    1    0    
0    0    1    0    1    
0    0    1    1    0    
0    2    0    0    0    
0    0    0    0    0    
0    0    1    1    0    
2    0    0    0    0    
1    1    0    1    0    
0    1    0    0    0    
0    0    1    0    0    
0    0    0    0    1    
0    0    0    0    1    
1    0    0    0    0    
0    0    0    0    0    
0    0    0    0    0    
0    0    1    0    0    
0    0    0    0    0    
0    0    0    0    0    
0    0    0    0    0    
0    0    0    0    0    
0    0    0    0    0    
0    0    0    1    0    
0    0    0    0    0    
0    0    0    0    0    
0    0    1    0    0    
0    0    0    0    0    
0    0    0    0    0    
0    0    0    0    0    
0    0    0    0    0    
0    0    0    0    0    
0    0    0    0    0    
0    0    0    0    0    
0    0    0    0    0    
0    1    0    0    0    
0    0    0    0    0    
0    0    0    0    0    
0    0    0    0    0    
0    0    0    0    0    
0    0    0    0    0    
1    0    0    0    0    
0    0    0    0    0    
0    0    0    1    0    
0    1    0    0    0    
0    0    0    0    0    
1    0    0    0    0    
0    0    0    0    0    
0    0    0    0    0    
0    0    0    0    1    
0    0    0    0    0    
0    0    0    0    0    
0    0    0    0    1    
0    0    0    0    1    
0    0    0    0    0    
0    0    0    0    0    
0    0    0    0    0    
0    0    0    0    0    
0    0    0    0    0    
0    0    0    0    0    
0    0    0    0    0    
0    0    0    0    0    
0    0    0    0    0    
0    0    0    0    0    
0    0    0    0    0    
0    0    0    0    0    
0    0    0    0    0    
0    0    0    0    0    
0    0    0    0    0    
0    0    0    0    0    
0    0    0    0    0    
0    0    0    0    0    
0    0    0    0    0    
0    0    0    0    0    
0    0    0    0    0    
0    0    0    0    0    
0    0    0    0    0    
0    0    0    0    0    
0    0    0    0    0    
0    0    0    0    0    
0    0    0    0    0    
0    0    0    0    0    
0    0    0    0    0    
0    0    0    0    0    
1    0    0    0    0    
0    0    0    0    0    
0    0    0    0    0    
0    0    0    0    0    
0    0    0    0    0    
0    0    0    0    0    
0    0    0    0    0    
0    0    0    0    0    
0    0    0    0    0    
0    0    0    0    0    
0    0    0    0    0    
0    0    0    0    0    
0    0    0    0    0    
0    0    0    0    0    
0    0    0    0    0    
0    0    0    0    0    
0    0    0    0    0    
0    0    0    0    0    
0    0    0    0    0    
0    0    0    0    0    
0    0    0    1    0    
0    0    0    0    0    
0    0    0    0    0    
0    0    0    0    0    
0    0    0    0    0    
0    0    0    0    0    
0    0    0    0    0    
0    0    0    0    0    
0    0    0    0    0    
0    0    0    0    0    
0    0    0    0    1    
0    0    0    0    0    
0    0    0    0    0    
0    0    0    0    0    
0    0    0    0    0    
0    0    0    0    0    
0    0    0    0    0    
0    0    0    0    0    
0    0    0    0    0    
0    0    0    0    0    
0    0    0    0    0    
0    0    0    0    0    
0    0    0    0    0    
0    0    0    0    0    
0    0    0    0    0    
0    0    0    0    0    
0    0    0    0    0    
0    0    0    0    0    
0    0    0    0    0    
0    0    0    0    0    
0    0    0    0    0    
0    0    0    0    0    
0    0    0    0    0    
0    0    0    0    0    
0    0    0    0    0    
0    0    0    0    0    
1    0    0    0    0    
0    0    0    0    0    
0    0    0    0    0    
0    0    0    0    0    
0    0    0    0    0    
0    0    0    0    0    
0    0    0    0    0    
0    0    0    0    0    
0    0    0    0    0    
0    0    0    0    0    
0    0    0    0    0    
0    0    0    0    0    
0    0    0    0    0    
0    0    0    0    0    
0    0    0    0    0    
0    0    0    0    0    
0    0    0    0    0    
0    0    0    0    0    
0    0    0    0    0    
0    0    0    0    0    
0    0    0    0    0    
0    0    0    0    0    
0    0    0    0    0    
0    0    0    0    0    
0    0    0    0    0    
0    0    0    0    0    
0    0    0    0    0    
0    0    0    0    0    
0    0    0    0    0    
0    0    0    0    0    
0    0    0    0    0    
0    0    0    0    0    
0    0    0    0    0    
0    0    0    0    0    
0    0    0    0    0    
0    0    0    0    0    
0    0    0    0    0    
0    0    0    0    0    
0    0    0    0    0    
0    0    0    0    0    
1    0    0    0    0    
0    0    0    0    0    
0    0    0    0    0    
0    0    0    0    0    
0    0    0    0    0    
0    0    0    0    0    
0    0    0    0    0    
0    0    0    0    0    
0    0    0    0    0    
0    0    0    0    0    
0    0    0    0    0    
0    0    0    0    0    
0    0    0    0    0    
0    0    0    0    0    
0    0    0    0    0    
0    0    0    0    0    
0    0    0    0    0    
0    0    0    0    0    
0    0    0    0    0    
0    0    0    0    0    
0    0    0    0    0    
0    0    0    0    0    
0    0    0    0    0    
0    0    0    0    0    
0    0    0    0    0    
0    0    0    0    0    
0    0    0    0    0    
0    0    0    0    0    
0    0    0    0    0    
0    0    0    0    0    
0    0    0    0    0    
0    0    0    0    0    
0    0    0    0    0    
0    0    0    0    0    
0    0    0    0    0    
0    0    0    0    0    
0    0    0    0    0    
0    0    0    0    0    
0    0    0    0    0    
0    0    0    0    0    
0    0    0    0    0    
0    0    0    0    0    
0    0    0    0    0    
0    0    0    0    0    
0    0    0    0    0    
0    0    0    0    0    
0    0    0    0    0    
0    0    0    0    0    
0    0    0    0    0    
0    0    0    0    0    
0    0    0    0    0    
0    0    0    0    0    
0    0    0    0    0    
0    0    0    0    0    
0    0    0    0    0    
0    0    0    0    0    
0    0    0    0    0    
0    0    0    0    0    
0    0    0    0    0    
0    0    0    0    0    
0    0    0    0    0    
0    0    0    0    0    
0    0    0    0    0    
0    0    0    0    0    
0    0    0    0    0    
0    0    0    0    0    
0    0    0    0    0    
0    0    0    0    0    
0    0    0    0    0    
0    0    0    0    0    
0    0    0    0    0    
0    0    0    0    0    
0    0    0    0    0    
0    0    0    0    0    
0    0    0    0    0    
0    0    0    0    0    
0    0    0    0    0    
0    0    0    0    0    
0    0    0    0    0    
0    0    0    0    0    
0    0    0    0    0    
0    0    0    0    0    
0    0    0    0    0    
0    0    0    0    0    
0    0    0    0    0    
0    0    0    0    0    
0    0    0    0    0    
0    0    0    0    0    
0    0    0    0    0    
0    0    0    0    0    
0    0    0    0    0    
0    0    0    0    0    
0    0    0    0    0    
0    0    0    0    0    
0    0    0    0    0    
0    0    0    0    0    
0    0    0    0    0    
0    0    0    0    0    
0    0    0    0    0    
0    0    0    0    0    
0    0    0    0    0    
0    0    0    0    0    
0    0    0    0    0    
0    0    0    0    0    
0    0    0    0    0    
0    0    0    0    0    
0    0    0    0    0    
0    0    0    0    0    
0    0    0    0    0    
0    0    0    0    0    
0    0    0    0    0    
0    0    0    0    0    
0    0    0    0    0    
0    0    0    0    0    
0    0    0    0    0    
0    0    0    0    0    
0    0    0    0    0    
0    0    0    0    0    
0    0    0    0    0    
0    0    0    0    0    
0    0    0    0    0    
0    0    0    0    0    
0    0    0    0    0    
0    0    0    0    0    
0    0    0    0    0    
0    0    0    0    0    
0    0    0    0    0    
0    0    0    0    0    
0    0    0    0    0    
0    0    0    0    0    
0    0    0    0    0    
0    0    0    0    0    
0    0    0    0    0    
0    0    0    0    0    
0    0    0    0    0    
0    0    0    0    0    
0    0    0    0    0    
0    0    0    0    0    
0    0    0    0    0    
0    0    0    0    0    
0    0    0    0    0    
0    0    0    0    0    
0    0    0    0    0    
0    0    0    0    0    
0    0    0    0    0    
0    0    0    0    0    
0    0    0    0    0    
0    0    0    0    0    
0    0    0    0    0    
0    0    0    0    0    
0    0    0    0    0    
0    0    0    0    0    
0    0    0    0    0    
0    0    0    0    0    
0    0    0    0    0    
0    0    0    0    0    
0    0    0    0    0    
0    0    0    0    0    
0    0    0    0    0    
0    0    0    0    0    
0    0    0    0    0    
0    0    0    0    0    
0    0    0    0    0    
0    0    0    0    0    
0    0    0    0    0    
0    0    0    0    0    
0    0    0    0    0    
0    0    0    0    0    
0    0    0    0    0    
0    0    0    0    0    
0    0    0    0    0    
0    0    0    0    0    
0    0    0    0    0    
0    0    0    0    0    
0    0    0    0    0    
0    0    0    0    0    
0    0    0    0    0    
0    0    0    0    0    
0    0    0    0    0    
0    0    0    0    0    
0    0    0    0    0    
0    0    0    0    0    
0    0    0    0    0    
0    0    0    0    0    
0    0    0    0    0    
0    0    0    0    0    
0    0    0    0    0    
0    0    0    0    0    
0    0    0    0    0    
0    0    0    0    0    
0    0    0    0    0    
0    0    0    0    0    
0    0    0    0    0    
0    0    0    0    0    
0    0    0    0    0    
0    0    0    0    0    
0    0    0    0    0    
0    0    0    0    0    
0    0    0    0    0    
0    0    0    0    0    
0    0    0    0    0    
0    0    0    0    0    
0    0    0    0    0    
0    0    0    0    0    
0    0    0    0    0    
0    0    0    0    0    
0    0    0    0    0    
0    0    0    0    0    
0    0    0    0    0    
0    0    0    0    0    
0    0    0    0    0    
0    