.DATE:   30/ 3/2022 Time :13:54:21   FILE :am 241 8mm air30 march.txt
ID:\Spectrum ID
Dwell Time :98µs  Sync Pulse :External  Channel Advance :Internal
CHNLS:4096 RT: 1000   HWLT: 1000   CRLT: 1000
0    0    0    0    0    
0    0    0    0    0    
0    0    0    0    0    
0    0    0    0    0    
0    0    0    0    0    
0    0    0    0    0    
0    0    0    0    0    
0    0    0    0    0    
0    0    0    0    0    
0    0    0    0    0    
0    0    0    0    0    
0    0    0    0    0    
0    0    0    0    0    
0    0    0    0    0    
0    0    0    0    0    
0    0    0    0    0    
0    0    0    0    0    
0    0    0    0    0    
0    0    0    0    0    
0    0    0    0    0    
0    0    0    0    0    
0    0    0    0    0    
0    0    0    0    0    
0    0    0    0    0    
0    0    0    0    0    
0    0    0    0    0    
0    0    0    0    0    
0    0    0    0    0    
0    0    0    0    0    
0    0    0    0    0    
0    0    0    0    0    
0    0    0    0    0    
0    0    0    0    0    
0    0    0    0    0    
0    0    0    0    0    
0    0    0    0    0    
0    0    0    0    0    
1    0    1    0    0    
1    0    4    1    3    
1    0    3    6    6    
16    33    36    51    59    
88    97    151    238    317    
371    428    420    413    369    
279    253    232    236    232    
264    241    265    283    260    
256    260    261    254    249    
233    219    276    263    264    
254    286    251    265    259    
277    245    242    278    269    
254    245    262    276    293    
247    255    255    279    271    
287    290    264    271    243    
250    279    306    245    258    
247    283    301    299    299    
298    271    270    276    299    
294    284    272    319    285    
304    271    272    301    275    
331    304    277    308    297    
323    327    271    280    293    
293    323    303    295    312    
302    316    291    295    322    
292    312    324    319    300    
291    318    324    328    355    
314    312    342    321    314    
320    330    351    334    322    
346    285    313    320    368    
327    350    357    356    336    
353    337    341    351    338    
346    370    329    372    330    
355    383    353    356    361    
387    372    358    361    390    
326    350    375    362    383    
382    362    374    377    376    
382    351    369    419    352    
334    380    391    354    386    
393    395    392    402    414    
371    386    378    398    397    
384    395    400    380    431    
368    393    429    390    430    
413    458    404    411    456    
447    446    394    405    450    
472    387    435    396    367    
409    445    442    386    430    
399    453    407    428    440    
432    445    458    422    431    
460    481    500    438    478    
452    471    442    454    469    
446    475    489    457    499    
472    490    467    498    438    
461    465    473    471    450    
528    503    474    525    471    
487    508    490    502    512    
564    515    540    513    506    
515    509    519    518    548    
545    570    479    537    546    
554    514    544    574    549    
552    536    573    533    500    
556    491    524    576    596    
549    555    518    572    559    
556    611    588    558    516    
594    595    596    607    618    
572    595    585    561    587    
588    610    626    588    578    
643    602    600    595    627    
665    630    590    666    617    
660    650    647    649    613    
654    606    649    689    666    
646    651    639    616    695    
623    683    646    639    656    
689    689    635    648    715    
677    693    694    698    670    
705    709    735    719    722    
739    686    742    745    718    
732    739    757    731    786    
741    739    727    735    747    
775    816    742    762    737    
825    762    770    773    808    
759    729    772    765    859    
812    763    814    822    799    
843    864    822    823    835    
826    848    790    861    914    
839    846    782    839    847    
877    857    819    860    859    
847    898    927    863    897    
850    916    869    896    915    
850    903    878    936    882    
911    935    891    884    905    
923    908    919    912    903    
937    930    901    951    914    
958    998    927    946    910    
929    945    949    1057    995    
948    964    967    1054    960    
997    954    1012    1058    1000    
959    1020    973    1016    1011    
1070    1010    1035    1050    1082    
1074    1045    1055    1097    1043    
1055    1037    1082    1057    1086    
1040    1065    1128    1131    1090    
1103    1083    1105    1114    1152    
1161    1081    1116    1120    1139    
1127    1094    1169    1157    1118    
1163    1201    1200    1144    1204    
1180    1151    1210    1161    1198    
1203    1168    1219    1180    1195    
1233    1186    1186    1223    1238    
1321    1246    1222    1282    1210    
1234    1294    1217    1297    1283    
1252    1278    1276    1242    1289    
1339    1268    1336    1305    1278    
1354    1345    1382    1386    1420    
1419    1356    1363    1274    1388    
1332    1407    1378    1450    1352    
1363    1409    1366    1448    1359    
1434    1450    1405    1417    1423    
1397    1452    1463    1456    1458    
1489    1519    1533    1541    1522    
1526    1501    1512    1523    1490    
1502    1524    1519    1590    1530    
1517    1568    1480    1606    1568    
1555    1577    1534    1578    1608    
1605    1632    1649    1588    1602    
1545    1614    1731    1655    1645    
1662    1714    1701    1636    1658    
1748    1679    1730    1726    1674    
1707    1703    1670    1736    1717    
1812    1775    1782    1760    1740    
1766    1849    1864    1774    1835    
1874    1836    1822    1872    1818    
1831    1907    1891    1821    1821    
1861    1848    1916    1890    1937    
1883    1921    1890    1933    1924    
1972    1947    2014    1966    1933    
1896    1934    2024    2015    2024    
2040    2001    2026    2094    1957    
2054    2039    2011    1970    2090    
2125    2069    2084    2058    2066    
2115    2051    2146    2231    2220    
2111    2122    2145    2177    2224    
2235    2236    2180    2279    2201    
2231    2212    2266    2267    2247    
2273    2274    2260    2254    2292    
2275    2294    2380    2350    2285    
2361    2367    2344    2338    2262    
2425    2399    2380    2410    2453    
2482    2369    2376    2413    2581    
2403    2397    2461    2485    2460    
2545    2459    2437    2536    2552    
2420    2533    2574    2611    2738    
2593    2543    2601    2588    2567    
2658    2707    2577    2613    2606    
2677    2759    2700    2629    2686    
2782    2778    2789    2776    2615    
2736    2699    2787    2679    2829    
2735    2798    2719    2752    2844    
2806    2769    2869    2905    2848    
2683    2894    2864    2871    2892    
2911    2775    2820    2881    2914    
2927    3034    3014    3039    2985    
3023    2869    2971    3022    2955    
3053    3020    3053    3036    2973    
3023    2916    2996    2901    3023    
2921    3046    3046    2963    2928    
3164    3181    3118    2956    2969    
3156    3057    2999    3081    3161    
2998    3021    3066    3062    2967    
2901    2931    2963    3017    2946    
2881    3040    2917    2980    2915    
2885    2827    2904    2857    2949    
2864    2955    2922    2840    2742    
2797    2760    2792    2815    2812    
2691    2706    2730    2642    2678    
2647    2665    2672    2674    2613    
2516    2618    2537    2495    2565    
2481    2329    2384    2281    2385    
2267    2323    2263    2199    2268    
2178    2078    2120    2031    2032    
2029    1956    1929    1845    1865    
1887    1786    1761    1738    1708    
1711    1655    1646    1667    1589    
1517    1559    1509    1523    1403    
1383    1342    1332    1268    1286    
1237    1189    1144    1095    1012    
1005    1048    1038    980    1015    
954    921    920    905    806    
786    827    752    694    729    
650    692    677    623    609    
590    576    579    526    525    
509    497    506    443    429    
371    421    396    384    403    
378    344    320    332    309    
315    292    264    267    251    
241    264    242    181    215    
207    219    188    191    175    
146    186    137    138    173    
144    139    119    138    113    
100    114    112    109    99    
93    88    94    84    77    
59    88    70    69    65    
64    69    68    55    50    
53    52    61    52    44    
47    48    36    35    52    
44    35    37    40    37    
27    33    49    29    28    
23    25    33    26    29    
27    34    26    30    28    
26    30    20    29    22    
22    24    26    21    24    
25    19    20    21    14    
25    17    23    28    19    
16    27    17    12    14    
16    21    18    17    20    
7    15    13    20    14    
22    20    16    15    20    
12    18    18    14    18    
17    11    19    17    14    
23    16    17    13    16    
8    14    16    17    13    
15    11    22    16    14    
15    22    16    9    19    
22    11    20    12    18    
15    11    14    21    10    
13    16    11    11    7    
17    9    15    17    12    
13    13    9    11    16    
19    11    20    14    17    
13    18    9    9    14    
12    14    10    16    5    
22    8    5    14    20    
11    10    13    13    13    
11    13    15    8    14    
19    10    20    18    12    
15    7    16    12    14    
15    11    9    8    9    
8    18    14    18    14    
21    15    14    21    16    
17    9    7    15    13    
10    8    16    16    11    
20    18    22    15    7    
8    16    8    19    13    
13    13    14    15    6    
15    6    12    12    10    
16    9    14    16    13    
14    12    12    12    13    
5    11    10    9    7    
16    11    8    16    18    
14    12    12    16    13    
10    11    8    10    8    
13    13    9    8    8    
13    10    14    15    14    
14    12    15    11    12    
20    14    11    15    12    
14    6    16    12    11    
16    11    16    12    22    
17    8    14    10    17    
19    11    5    8    8    
15    15    10    12    10    
9    13    15    22    8    
7    16    7    11    14    
10    10    13    5    14    
16    13    14    11    9    
11    11    11    9    10    
10    14    12    10    3    
9    18    11    15    8    
17    15    11    4    8    
8    9    12    6    17    
10    16    10    16    12    
15    11    19    15    9    
10    5    9    7    6    
16    13    11    10    10    
10    15    12    12    8    
10    12    8    13    8    
16    12    16    10    9    
11    12    14    10    10    
18    16    10    8    11    
13    12    12    13    13    
16    15    11    7    6    
11    8    12    13    10    
9    7    10    12    15    
11    9    15    7    10    
18    12    13    12    8    
9    17    15    20    9    
7    11    12    3    9    
12    10    7    9    11    
13    16    11    12    11    
15    7    14    6    14    
14    8    11    11    12    
12    8    9    9    12    
15    11    12    7    14    
12    12    6    9    8    
7    13    7    13    8    
10    9    12    13    11    
7    12    15    13    12    
8    12    5    12    19    
4    9    15    9    12    
11    8    4    15    12    
13    11    11    12    6    
11    6    11    7    14    
7    5    13    9    8    
16    8    7    12    13    
14    9    11    10    14    
8    9    7    6    6    
13    7    12    10    11    
11    4    12    14    8    
10    11    11    16    9    
13    9    4    10    17    
9    16    10    14    9    
7    6    6    7    8    
8    2    12    6    12    
8    10    11    5    13    
4    5    8    12    17    
10    14    8    10    10    
11    10    11    9    10    
5    7    5    4    15    
6    8    6    8    5    
6    6    3    10    6    
3    9    13    8    6    
13    7    9    10    8    
11    5    11    11    8    
10    9    14    8    10    
5    8    7    5    5    
4    11    12    8    6    
4    8    14    12    7    
5    10    12    13    5    
7    13    11    10    6    
10    6    4    6    5    
8    3    11    3    8    
6    5    8    7    6    
7    8    6    7    12    
4    8    7    9    6    
11    6    7    6    8    
9    5    8    3    13    
7    7    12    11    10    
11    4    12    9    7    
8    11    4    8    13    
7    8    7    7    8    
11    5    4    5    3    
9    7    9    5    6    
8    4    9    7    9    
5    10    9    5    4    
5    5    3    6    7    
11    5    6    6    5    
7    7    4    1    4    
9    4    10    3    4    
8    6    6    10    6    
3    8    11    9    4    
9    1    2    2    6    
2    5    6    7    7    
9    6    4    11    7    
6    7    4    8    5    
4    7    7    11    10    
2    6    12    6    4    
6    7    6    8    5    
4    8    7    5    7    
10    4    7    2    4    
7    4    4    4    2    
8    9    4    5    3    
5    6    8    7    7    
6    3    4    4    4    
4    6    3    1    5    
9    2    5    3    1    
5    6    2    5    5    
2    1    2    8    2    
5    1    6    4    3    
5    1    3    4    5    
5    3    3    7    1    
6    8    2    2    4    
7    5    3    2    2    
1    2    2    2    4    
2    2    1    5    2    
3    4    3    1    4    
2    2    2    2    3    
5    4    1    1    1    
4    4    5    1    4    
1    1    3    2    2    
3    3    4    3    4    
4    2    1    3    1    
1    1    1    2    1    
3    0    2    3    3    
2    1    1    1    2    
3    1    2    6    4    
1    2    2    1    0    
0    2    2    0    2    
0    0    2    0    0    
2    1    3    1    0    
1    1    2    1    1    
0    1    2    1    1    
3    1    0    1    1    
2    0    0    0    0    
1    1    0    0    1    
0    0    0    0    0    
1    0    1    2    0    
0    0    0    0    1    
1    2    0    0    0    
0    0    1    0    1    
2    0    2    1    0    
0    0    0    1    4    
0    1    0    0    1    
0    0    0    2    1    
1    0    1    0    0    
1    0    0    1    2    
0    0    0    0    0    
3    0    0    1    0    
0    0    0    0    0    
0    1    0    0    0    
0    0    0    0    1    
0    0    0    0    0    
0    0    1    0    0    
0    0    0    0    0    
0    0    0    1    2    
0    0    0    0    0    
0    0    0    0    0    
0    0    0    0    0    
0    0    0    0    0    
0    0    0    1    0    
0    0    0    0    0    
0    0    0    0    0    
0    0    2    0    0    
1    0    0    0    0    
0    0    0    0    0    
0    0    1    0    0    
0    0    0    0    0    
0    0    1    1    0    
0    0    0    0    0    
0    0    0    0    0    
0    0    1    0    0    
0    0    0    0    0    
0    0    0    0    0    
0    0    0    0    0    
0    0    0    0    0    
0    0    0    0    0    
0    2    0    0    0    
0    0    0    0    0    
0    0    0    0    0    
0    0    0    0    1    
0    0    0    0    0    
0    0    0    0    0    
0    0    0    0    0    
0    0    0    0    0    
0    0    1    0    0    
0    0    0    0    0    
1    0    0    0    0    
0    0    0    0    0    
0    0    0    0    0    
0    0    0    0    0    
0    0    0    0    0    
0    0    0    0    0    
0    0    0    0    0    
0    0    0    0    0    
0    0    0    0    0    
0    0    0    0    0    
0    0    0    0    0    
0    0    0    0    0    
0    0    0    0    0    
0    0    0    0    0    
0    0    0    0    0    
0    0    1    0    0    
0    0    0    0    0    
0    0    0    0    0    
0    0    0    0    0    
0    0    0    0    0    
0    0    0    0    0    
0    0    0    0    0    
0    0    1    0    0    
0    0    0    0    0    
0    0    0    0    0    
1    0    0    0    0    
0    0    0    0    0    
0    0    0    0    0    
0    0    0    0    0    
0    0    0    0    0    
0    0    0    0    0    
0    0    0    0    0    
0    0    0    0    0    
0    0    0    0    0    
0    0    0    0    0    
0    0    0    0    0    
0    0    1    0    0    
0    0    1    0    0    
0    0    0    0    0    
0    0    0    0    0    
0    0    0    0    0    
0    0    0    0    0    
0    0    0    0    0    
0    0    0    0    0    
0    0    0    0    0    
0    0    0    0    0    
0    0    0    0    0    
0    0    0    0    0    
0    0    0    0    0    
0    0    0    0    0    
0    0    0    0    0    
0    0    0    0    0    
0    0    0    0    0    
0    0    0    0    0    
0    0    0    0    0    
0    0    0    0    0    
0    0    0    1    0    
0    0    0    0    0    
0    0    0    0    0    
0    0    0    0    0    
0    0    0    0    0    
1    0    0    0    0    
0    0    0    0    0    
0    0    0    0    0    
0    0    0    0    0    
0    0    0    0    0    
0    0    0    0    0    
0    0    0    0    0    
0    0    0    0    0    
0    0    0    0    0    
0    0    0    0    0    
0    0    0    0    0    
0    0    0    0    0    
0    0    0    0    0    
0    0    0    0    0    
0    0    0    0    0    
1    0    0    1    0    
0    0    0    0    0    
0    0    0    0    0    
0    0    0    0    0    
0    0    0    0    0    
0    0    0    0    0    
0    0    0    0    0    
0    0    0    0    0    
0    0    0    0    0    
0    0    0    0    0    
0    0    0    0    0    
0    0    0    0    0    
1    0    0    0    0    
0    0    0    0    0    
0    0    0    0    0    
0    0    0    0    0    
0    0    0    0    0    
0    0    0    1    0    
0    0    0    0    0    
0    0    0    0    0    
0    0    0    0    0    
0    0    0    0    0    
0    0    0    0    0    
0    0    0    0    0    
0    0    0    0    0    
0    0    0    0    0    
0    0    0    0    0    
0    0    0    0    0    
0    0    0    0    0    
0    0    0    0    0    
0    0    0    0    0    
0    0    0    0    0    
0    0    0    0    0    
0    0    0    0    0    
0    0    0    0    0    
0    0    0    0    0    
0    0    0    0    0    
0    0    0    0    0    
0    0    0    0    0    
0    0    0    0    0    
0    0    0    0    0    
0    0    0    0    0    
0    0    0    0    0    
0    0    0    0    0    
0    0    0    0    0    
0    0    0    0    0    
0    0    0    0    0    
0    0    0    0    0    
0    0    0    0    0    
0    0    0    0    0    
0    0    0    0    0    
0    0    0    0    0    
0    0    0    0    0    
0    0    0    0    0    
0    0    0    0    0    
0    0    0    0    0    
0    0    0    0    0    
0    0    0    0    0    
0    0    0    0    0    
0    0    0    0    0    
0    0    0    0    0    
0    0    0    0    0    
0    0    0    0    0    
0    0    0    0    0    
0    0    0    0    0    
0    0    0    0    0    
0    0    0    0    0    
0    0    0    0    0    
0    0    0    0    0    
0    0    0    0    0    
0    0    0    0    0    
0    0    0    0    0    
0    0    0    0    0    
0    0    0    0    0    
0    0    0    0    0    
0    0    0    0    0    
0    0    0    0    0    
0    0    0    0    0    
0    0    0    0    0    
0    0    0    0    0    
0    0    0    0    0    
0    0    0    0    0    
0    0    0    0    0    
1    0    0    0    0    
0    0    0    0    0    
0    0    0    0    0    
0    0    0    0    0    
0    0    0    0    0    
0    0    0    0    0    
0    0    0    0    0    
0    0    0    0    0    
0    0    0    0    0    
0    0    0    0    0    
0    0    0    0    0    
0    0    0    0    0    
0    0    0    0    0    
0    0    0    0    0    
0    0    0    0    0    
0    0    0    0    0    
0    0    0    0    0    
0    0    0    0    0    
0    0    0    0    0    
0    0    0    0    0    
0    0    0    0    0    
0    0    0    0    0    
0    0    0    0    0    
0    0    0    0    0    
0    0    0    0    0    
0    0    0    0    0    
0    0    0    0    0    
0    0    0    0    0    
0    0    0    0    0    
0    0    0    0    0    
0    0    0    0    0    
0    0    0    0    0    
0    0    0    0    0    
0    0    0    0    0    
0    0    0    0    0    
0    0    0    0    0    
0    0    0    0    0    
0    0    0    0    0    
0    0    0    0    0    
0    0    0    0    0    
0    0    0    0    0    
0    0    0    0    0    
0    0    0    0    0    
0    0    0    0    0    
0    0    0    0    0    
0    0    0    0    0    
0    0    0    0    0    
0    0    0    0    0    
0    0    0    0    0    
0    0    0    0    0    
0    0    0    0    0    
0    0    0    0    0    
0    0    0    0    0    
0    0    0    0    0    
0    0    0    0    0    
0    0    0    0    0    
0    0    0    0    0    
0    0    0    0    0    
0    0    0    0    0    
0    0    0    0    0    
0    0    0    0    0    
0    0    0    0    0    
0    0    0    0    0    
0    0    0    0    0    
0    0    0    0    0    
0    0    0    0    0    
0    0    0    0    0    
0    0    0    0    0    
0    0    0    0    0    
0    0    0    0    0    
0    0    0    0    0    
0    0    0    0    0    
0    0    0    0    0    
0    0    0    0    0    
0    0    0    0    0    
0    0    0    0    0    
0    0    0    0    0    
0    0    0    0    0    
0    0    0    0    0    
0    0    0    0    0    
0    0    0    0    0    
0    0    0    0    0    
0    0    0    0    0    
0    0    0    0    0    
0    0    0    0    0    
0    0    0    0    0    
0    0    0    0    0    
0    0    0    0    0    
0    0    0    0    0    
0    0    0    0    0    
0    0    0    0    0    
0    0    0    0    0    
0    0    0    0    0    
0    0    0    0    0    
0    0    0    0    0    
0    0    0    0    0    
0    0    0    0    0    
0    0    0    0    0    
0    0    0    0    0    
0    0    0    0    0    
0    0    0    0    0    
0    0    0    0    0    
0    0    0    0    0    
0    0    0    0    0    
0    0    0    0    0    
0    0    0    0    0    
0    0    0    0    0    
0    0    0    0    0    
0    0    0    0    0    
0    0    0    0    0    
0    0    0    0    0    
0    0    0    0    0    
0    0    0    0    0    
0    0    0    0    0    
0    0    0    0    0    
0    0    0    0    0    
0    0    0    0    0    
0    0    0    0    0    
0    0    0    0    0    
0    0    0    0    0    
0    0    0    0    0    
0    0    0    0    0    
0    0    0    0    0    
0    0    0    0    0    
0    0    0    0    0    
0    0    0    0    0    
0    0    0    0    0    
0    0    0    0    0    
0    0    0    0    0    
0    0    0    0    0    
0    0    0    0    0    
0    0    0    0    0    
0    0    0    0    0    
0    0    0    0    0    
0    0    0    0    0    
0    0    0    0    0    
0    0    0    0    0    
0    0    0    0    0    
0    0    0    0    0    
0    0    0    0    0    
0    0    0    0    0    
0    0    0    0    0    
0    0    0    0    0    
0    0    0    0    0    
0    0    0    0    0    
0    0    0    0    0    
0    0    0    0    0    
0    0    0    0    0    
0    0    0    0    0    
0    0    0    0    0    
0    0    0    0    0    
0    0    0    0    0    
0    0    0    0    0    
0    0    0    0    0    
0    0    0    0    0    
0    0    0    0    0    
0    0    0    0    0    
0    0    0    0    0    
0    0    0    0    0    
0    0    0    0    0    
0    0    0    0    0    
0    0    0    0    0    
0    0    0    0    0    
0    0    0    0    0    
0    0    0    0    0    
0    0    0    0    0    
0    0    0    0    0    
0    0    0    0    0    
0    0    0    0    0    
0    0    0    0    0    
0    0    0    0    0    
0    0    0    0    0    
0    0    0    0    0    
0    0    0    0    0    
0    0    0    0    0    
0    0    0    0    0    
0    0    0    0    0    
0    0    0    0    0    
0    0    0    0    0    
0    0    0    0    0    
0    