.DATE:   30/ 3/2022 Time :15:21:44   FILE :am 241 12mm air 30 march.txt
ID:\Spectrum ID
Dwell Time :98µs  Sync Pulse :External  Channel Advance :Internal
CHNLS:4096 RT: 1000   HWLT: 1000   CRLT: 1000
0    0    0    0    0    
0    0    0    0    0    
0    0    0    0    0    
0    0    0    0    0    
0    0    0    0    0    
0    0    0    0    0    
0    0    0    0    0    
0    0    0    0    0    
0    0    0    0    0    
0    0    0    0    0    
0    0    0    0    0    
0    0    0    0    0    
0    0    0    0    0    
0    0    0    0    0    
0    0    0    0    0    
0    0    0    0    0    
0    0    0    0    0    
0    0    0    0    0    
0    0    0    0    0    
0    0    0    0    0    
0    0    0    0    0    
0    0    0    0    0    
0    0    0    0    0    
0    0    0    0    0    
0    0    0    0    0    
0    0    0    0    0    
0    0    0    0    0    
0    0    0    0    0    
0    0    0    0    0    
0    0    0    0    0    
0    0    0    0    0    
0    0    0    0    0    
0    0    0    0    0    
0    0    0    0    0    
0    0    0    0    0    
0    0    0    0    0    
0    0    0    0    0    
0    0    0    0    1    
0    0    1    0    0    
2    0    3    4    3    
10    23    23    40    68    
117    149    198    284    441    
669    943    1286    1441    1545    
1571    1537    1334    1158    1055    
1015    1006    1073    972    884    
864    903    926    953    910    
863    867    836    859    846    
855    806    801    784    806    
743    816    768    812    818    
793    775    775    802    819    
773    766    796    790    744    
752    771    742    761    740    
745    756    802    735    728    
722    682    723    723    758    
709    659    715    734    726    
713    744    720    728    703    
684    729    715    677    680    
683    679    681    731    775    
700    745    733    745    729    
748    646    731    712    679    
701    718    685    746    736    
719    712    689    700    727    
746    714    757    708    706    
714    694    727    728    756    
735    727    730    699    708    
724    783    768    759    745    
787    699    758    792    769    
774    723    748    766    778    
769    743    852    788    760    
822    751    756    769    793    
813    816    828    740    791    
786    781    785    836    788    
834    833    842    810    778    
758    826    815    787    830    
791    861    833    797    796    
842    840    847    836    841    
877    841    865    875    844    
872    836    857    859    839    
853    868    936    856    888    
891    831    880    862    846    
898    868    853    883    874    
883    937    940    839    932    
957    966    936    933    895    
939    916    912    976    921    
935    937    957    951    947    
942    977    892    974    951    
923    959    932    915    996    
925    980    950    990    936    
962    994    997    962    1026    
984    1025    992    1006    1015    
980    992    989    993    1009    
968    1023    1005    983    984    
1044    969    1050    1024    1026    
1043    1092    1089    1053    1097    
1115    1066    1067    1086    1029    
1035    1103    1087    1081    1061    
1057    1132    1084    1093    1136    
1136    1124    1077    1099    1127    
1079    1154    1114    1140    1112    
1141    1173    1142    1100    1152    
1175    1123    1223    1165    1176    
1187    1153    1197    1214    1205    
1174    1222    1221    1149    1228    
1203    1173    1140    1227    1228    
1193    1225    1169    1242    1254    
1233    1192    1236    1229    1239    
1242    1247    1252    1257    1237    
1208    1300    1262    1256    1292    
1323    1192    1320    1328    1336    
1331    1293    1249    1295    1360    
1278    1346    1267    1333    1335    
1339    1301    1342    1408    1346    
1333    1346    1374    1365    1393    
1413    1301    1374    1391    1393    
1384    1416    1384    1406    1328    
1356    1348    1470    1348    1390    
1415    1369    1415    1474    1420    
1389    1464    1470    1490    1533    
1469    1472    1507    1431    1463    
1510    1467    1501    1428    1494    
1442    1434    1562    1514    1502    
1517    1581    1596    1536    1516    
1519    1541    1515    1546    1582    
1498    1524    1572    1563    1604    
1613    1622    1615    1632    1647    
1669    1605    1625    1557    1642    
1540    1654    1685    1622    1667    
1538    1674    1633    1723    1603    
1620    1575    1738    1694    1618    
1651    1711    1716    1716    1698    
1670    1732    1735    1794    1713    
1703    1750    1704    1742    1795    
1732    1710    1817    1722    1800    
1754    1862    1832    1822    1698    
1821    1835    1799    1765    1830    
1743    1895    1878    1810    1883    
1853    1857    1852    1906    1829    
1926    1915    1794    1882    1886    
1869    1832    1868    1940    1892    
1859    1922    1980    1912    1904    
1875    1835    1915    1939    1995    
1943    1982    1991    1938    1979    
1959    2025    1972    1976    2068    
2010    2012    2049    2069    2052    
2066    1944    2051    2083    2024    
2105    2083    2013    2074    2024    
2095    2153    2136    2055    2033    
2106    2108    2117    2084    2074    
2101    2180    2152    2104    2138    
2186    2237    2147    2079    2128    
2194    2278    2143    2213    2184    
2259    2070    2144    2289    2133    
2192    2264    2193    2217    2242    
2282    2263    2250    2281    2220    
2311    2270    2238    2204    2263    
2267    2285    2312    2309    2273    
2362    2330    2244    2370    2245    
2315    2339    2350    2307    2361    
2376    2334    2375    2317    2319    
2267    2349    2317    2359    2454    
2381    2370    2368    2384    2343    
2350    2407    2416    2405    2382    
2413    2352    2318    2425    2347    
2384    2355    2363    2411    2321    
2378    2382    2310    2394    2354    
2352    2301    2421    2426    2522    
2482    2434    2461    2450    2473    
2356    2496    2336    2382    2409    
2425    2368    2492    2396    2362    
2427    2362    2311    2357    2402    
2250    2384    2287    2408    2276    
2308    2282    2317    2252    2351    
2329    2322    2276    2275    2190    
2269    2184    2307    2321    2230    
2222    2177    2221    2230    2206    
2234    2249    2196    2163    2204    
2108    2101    2068    2068    2018    
2025    2070    2007    1910    2092    
1950    2038    1970    1951    1943    
1858    1856    1841    1815    1888    
1813    1760    1786    1816    1711    
1715    1690    1700    1714    1681    
1651    1639    1623    1618    1573    
1517    1491    1519    1540    1424    
1417    1441    1388    1369    1353    
1284    1318    1367    1239    1247    
1199    1151    1195    1264    1168    
1099    1090    1128    1137    1008    
1018    1016    1032    1027    996    
983    948    917    887    863    
890    784    807    845    775    
742    729    723    707    708    
682    694    672    598    599    
603    548    574    525    533    
530    522    494    500    489    
459    430    420    410    376    
399    413    341    368    348    
357    323    339    304    297    
271    297    283    255    270    
268    249    229    242    237    
220    211    191    173    205    
199    209    181    164    199    
157    164    129    149    135    
126    135    119    130    111    
129    117    91    96    97    
86    94    104    101    78    
77    76    75    71    78    
76    82    71    59    63    
63    59    72    42    50    
43    61    47    61    53    
45    55    43    45    45    
42    50    38    38    33    
38    41    30    34    34    
30    32    37    33    37    
33    30    41    39    20    
31    34    24    19    31    
23    29    21    22    31    
20    27    20    17    26    
32    29    24    25    17    
20    21    23    18    18    
20    19    26    30    21    
21    14    20    16    16    
10    21    20    14    15    
18    12    20    17    10    
22    17    25    19    14    
11    16    19    17    10    
9    12    22    15    18    
17    28    10    14    15    
19    14    14    12    22    
14    14    8    16    7    
17    11    13    22    20    
16    12    12    23    20    
12    13    9    21    19    
20    14    26    21    12    
10    16    13    9    21    
14    14    14    18    8    
18    20    11    20    15    
15    16    8    22    11    
6    14    9    7    15    
23    13    8    16    7    
13    10    8    16    13    
15    11    9    7    9    
13    14    15    17    9    
12    19    14    11    12    
18    20    13    19    10    
13    9    9    12    12    
7    9    20    16    3    
12    7    17    14    11    
16    16    17    13    14    
15    9    14    9    10    
17    6    7    12    9    
14    12    13    7    11    
15    15    5    8    14    
9    13    9    8    9    
7    15    9    15    10    
10    8    11    13    9    
7    8    16    8    9    
9    12    11    9    12    
16    8    13    16    18    
12    15    6    7    9    
14    17    13    7    11    
12    11    10    14    11    
7    11    8    15    10    
20    13    12    12    11    
9    11    12    9    10    
17    14    6    9    4    
12    11    5    9    13    
9    10    8    16    12    
5    13    11    9    12    
17    10    5    4    11    
12    10    14    7    5    
9    10    12    16    9    
8    12    15    9    7    
5    10    13    10    8    
10    12    7    5    10    
7    8    7    6    7    
1    15    7    4    9    
13    7    9    7    8    
9    3    12    7    9    
13    12    11    9    13    
12    9    8    7    16    
8    10    11    8    6    
10    7    10    9    11    
15    8    6    11    9    
7    9    10    12    7    
7    4    7    8    11    
10    7    6    9    12    
7    8    5    4    6    
11    7    14    7    5    
8    8    10    5    6    
6    5    8    9    4    
6    7    9    11    9    
9    7    4    10    9    
8    9    10    12    7    
7    7    10    9    7    
7    12    7    9    6    
10    7    5    10    12    
5    6    10    4    5    
8    6    9    3    9    
5    7    6    6    7    
14    9    8    8    5    
9    9    9    7    8    
12    11    3    11    12    
12    8    8    3    5    
11    5    3    10    10    
4    4    6    9    8    
4    5    4    9    3    
6    6    3    9    10    
7    10    6    8    1    
8    11    6    12    4    
9    7    9    11    6    
6    6    5    7    7    
7    7    6    6    7    
8    8    9    9    6    
10    7    5    3    5    
4    6    3    6    1    
5    4    3    4    8    
7    7    4    8    2    
5    11    8    7    4    
4    6    11    7    7    
7    2    6    2    5    
5    7    6    2    5    
7    7    8    5    2    
6    5    2    8    6    
5    7    4    4    3    
3    0    6    5    4    
3    3    7    6    3    
6    4    6    2    4    
8    6    5    2    11    
6    7    3    2    6    
4    4    4    4    2    
7    6    6    3    3    
6    1    3    5    4    
3    2    5    2    4    
6    7    2    6    4    
6    5    5    2    3    
3    3    2    3    4    
1    2    3    4    3    
4    6    1    5    4    
4    0    1    4    6    
3    4    4    3    4    
2    3    0    2    1    
2    1    4    3    5    
3    3    3    3    0    
3    5    5    1    6    
2    3    3    5    4    
2    3    2    3    6    
0    3    2    0    1    
4    4    1    4    2    
1    5    2    3    4    
0    2    5    1    5    
2    1    2    2    0    
0    1    1    2    2    
0    1    2    0    1    
0    1    0    1    0    
0    0    3    1    2    
1    2    1    1    0    
0    0    1    0    0    
1    0    2    0    2    
1    0    1    1    0    
1    1    1    1    0    
1    3    0    1    1    
0    0    0    1    1    
0    0    0    0    0    
0    0    1    0    0    
0    2    0    0    0    
0    1    0    0    2    
0    0    0    1    0    
0    0    0    0    0    
0    1    0    0    1    
0    0    1    0    0    
0    1    0    1    0    
0    0    0    1    0    
0    0    0    0    0    
0    0    1    0    0    
0    0    0    0    0    
0    0    1    0    0    
0    1    0    0    0    
0    1    0    0    0    
1    1    0    1    0    
0    0    1    0    0    
0    0    0    0    0    
0    0    0    0    0    
1    0    0    0    0    
0    0    0    0    0    
0    0    0    0    0    
0    0    0    0    0    
0    1    0    0    0    
0    0    0    0    0    
0    0    0    0    2    
0    0    0    0    0    
0    0    0    0    0    
0    0    0    0    0    
0    0    0    0    0    
0    0    0    0    0    
0    0    0    0    1    
0    0    0    0    0    
1    0    0    0    0    
0    0    0    0    1    
0    0    0    0    0    
0    0    0    0    1    
0    0    0    0    0    
0    0    0    1    1    
0    0    0    0    0    
0    0    0    0    0    
0    0    0    0    0    
0    0    0    0    0    
0    0    0    0    0    
0    0    0    0    0    
0    0    0    0    0    
0    0    0    0    0    
0    0    0    0    0    
0    0    0    1    0    
0    0    0    0    0    
0    0    0    0    0    
0    0    0    1    0    
0    0    0    0    0    
0    0    0    0    0    
0    0    0    0    0    
0    0    1    0    0    
0    0    0    0    0    
1    0    0    0    0    
0    0    0    0    0    
0    0    0    0    0    
0    0    0    0    0    
0    0    0    0    0    
0    0    0    0    0    
0    0    0    0    0    
0    0    0    0    0    
0    0    0    0    0    
0    0    0    0    0    
0    0    0    0    1    
0    0    0    0    0    
0    0    0    0    0    
0    0    0    0    0    
0    0    0    0    0    
0    0    0    0    0    
0    0    0    0    0    
0    0    0    0    0    
0    0    0    0    0    
0    0    0    0    0    
0    0    0    0    0    
0    0    0    0    0    
0    0    0    0    0    
0    0    0    0    0    
0    0    0    1    0    
0    0    0    0    0    
0    0    0    0    0    
0    0    0    0    0    
0    0    0    0    0    
0    0    0    0    0    
0    0    0    0    0    
0    0    0    0    0    
0    0    0    0    0    
0    0    0    0    0    
0    0    0    0    0    
0    0    0    0    0    
0    0    0    0    0    
0    0    0    0    0    
0    0    0    0    0    
0    0    0    0    0    
0    0    0    0    0    
0    0    0    0    0    
0    0    1    0    0    
0    0    0    0    0    
0    0    0    0    0    
0    0    0    0    0    
0    0    0    0    0    
0    0    0    0    0    
0    0    0    0    0    
0    0    0    0    0    
0    0    0    0    0    
0    0    0    0    0    
0    0    0    0    0    
0    0    0    0    0    
0    0    0    0    0    
0    0    0    0    0    
0    0    0    0    0    
0    0    0    0    0    
0    0    0    0    0    
0    0    0    0    0    
0    0    0    0    0    
0    0    0    0    0    
0    0    1    0    0    
0    0    0    0    0    
0    0    0    0    0    
0    0    0    0    0    
0    0    0    0    0    
0    0    0    0    0    
0    0    0    0    0    
0    0    0    0    0    
0    0    0    0    0    
0    0    0    0    0    
0    0    0    0    0    
0    0    0    0    0    
0    0    0    0    0    
0    0    0    0    0    
0    0    0    0    0    
0    0    0    0    0    
0    0    0    0    0    
0    0    0    0    0    
0    0    0    0    0    
0    0    0    0    0    
0    0    0    0    0    
0    0    0    0    0    
0    0    0    0    0    
0    0    0    0    0    
0    0    0    0    0    
0    0    0    0    0    
0    0    0    0    0    
0    0    0    0    0    
0    0    0    0    0    
0    0    0    0    0    
0    0    0    0    0    
0    0    0    0    0    
0    0    0    0    0    
0    0    0    0    0    
0    0    0    0    0    
0    0    0    0    0    
0    0    0    0    0    
0    0    0    0    0    
0    0    0    0    0    
0    0    0    0    0    
0    0    0    0    0    
0    0    0    0    0    
0    0    0    0    0    
0    0    0    0    0    
0    0    0    0    0    
0    0    0    0    0    
0    0    0    0    0    
0    0    0    0    0    
0    0    0    0    0    
0    0    0    0    0    
0    0    0    0    0    
0    0    0    0    0    
0    0    0    0    0    
0    0    0    0    0    
0    0    0    0    0    
0    0    0    0    0    
0    0    0    0    0    
0    0    0    0    0    
0    0    0    0    0    
0    0    0    0    0    
0    0    0    0    0    
0    0    0    0    0    
0    0    0    0    0    
0    0    0    0    0    
0    0    0    0    0    
0    0    0    0    0    
0    0    0    0    0    
0    0    0    0    0    
0    0    0    0    0    
0    0    0    0    0    
0    0    0    0    0    
0    0    0    0    0    
0    0    0    0    0    
0    0    0    0    0    
0    0    0    0    0    
0    0    0    0    0    
0    0    0    0    0    
0    0    0    0    0    
0    0    0    0    0    
0    0    0    0    0    
0    0    0    0    0    
0    0    0    0    0    
0    0    0    0    0    
0    0    0    0    0    
0    0    0    0    0    
0    0    0    0    0    
0    0    0    0    0    
0    0    0    0    0    
0    0    0    0    0    
0    0    0    0    0    
0    0    0    0    0    
0    0    0    0    0    
0    0    0    0    0    
0    0    0    0    0    
0    0    0    0    0    
0    0    0    0    0    
0    0    0    0    0    
0    0    0    0    0    
0    0    0    0    0    
0    0    0    0    0    
0    0    0    0    0    
0    0    0    0    0    
0    0    0    0    0    
0    0    0    0    0    
0    0    0    0    0    
0    0    0    0    0    
0    0    0    0    0    
0    0    0    0    0    
0    0    0    0    0    
0    0    0    0    0    
0    0    0    0    0    
0    0    0    0    0    
0    0    0    0    0    
0    0    0    0    0    
0    0    0    0    0    
0    0    0    0    0    
0    0    0    0    0    
0    0    0    0    0    
0    0    0    0    0    
0    0    0    0    0    
0    0    0    0    0    
0    0    0    0    0    
0    0    0    0    0    
0    0    0    0    0    
0    0    0    0    0    
0    0    0    0    0    
0    0    0    0    0    
0    0    0    0    0    
0    0    0    0    0    
0    0    0    0    0    
0    0    0    0    0    
0    0    0    0    0    
0    0    0    0    0    
0    0    0    0    0    
0    0    0    0    0    
0    0    0    0    0    
0    0    0    0    0    
0    0    0    0    0    
0    0    0    0    0    
0    0    0    0    0    
0    0    0    0    0    
0    0    0    0    0    
0    0    0    0    0    
0    0    0    0    0    
0    0    0    0    0    
0    0    0    0    0    
0    0    0    0    0    
0    0    0    0    0    
0    0    0    0    0    
0    0    0    0    0    
0    0    0    0    0    
0    0    0    0    0    
0    0    0    0    0    
0    0    0    0    0    
0    0    0    0    0    
0    0    0    0    0    
0    0    0    0    0    
0    0    0    0    0    
0    0    0    0    0    
0    0    0    0    0    
0    0    0    0    0    
0    0    0    0    0    
0    0    0    0    0    
0    0    0    0    0    
0    0    0    0    0    
0    0    0    0    0    
0    0    0    0    0    
0    0    0    0    0    
0    0    0    0    0    
0    0    0    0    0    
0    0    0    0    0    
0    0    0    0    0    
0    0    0    0    0    
0    0    0    0    0    
0    0    0    0    0    
0    0    0    0    0    
0    0    0    0    0    
0    0    0    0    0    
0    0    0    0    0    
0    0    0    0    0    
0    0    0    0    0    
0    0    0    0    0    
0    0    0    0    0    
0    0    0    0    0    
0    0    0    0    0    
0    0    0    0    0    
0    0    0    0    0    
0    0    0    0    0    
0    0    0    0    0    
0    0    0    0    0    
0    0    0    0    0    
0    0    0    0    0    
0    0    0    0    0    
0    0    0    0    0    
0    0    0    0    0    
0    0    0    0    0    
0    0    0    0    0    
0    0    0    0    0    
0    0    0    0    0    
0    0    0    0    0    
0    0    0    0    0    
0    0    0    0    0    
0    0    0    0    0    
0    0    0    0    0    
0    0    0    0    0    
0    0    0    0    0    
0    0    0    0    0    
0    0    0    0    0    
0    0    0    0    0    
0    0    0    0    0    
0    0    0    0    0    
0    0    0    0    0    
0    0    0    0    0    
0    0    0    0    0    
0    0    0    0    0    
0    0    0    0    0    
0    0    0    0    0    
0    0    0    0    0    
0    0    0    0    0    
0    0    0    0    0    
0    0    0    0    0    
0    0    0    0    0    
0    0    0    0    0    
0    0    0    0    0    
0    0    0    0    0    
0    0    0    0    0    
0    0    0    0    0    
0    0    0    0    0    
0    0    0    0    0    
0    0    0    0    0    
0    0    0    0    0    
0    0    0    0    0    
0    0    0    0    0    
0    0    0    0    0    
0    0    0    0    0    
0    0    0    0    0    
0    0    0    0    0    
0    0    0    0    0    
0    0    0    0    0    
0    0    0    0    0    
0    0    0    0    0    
0    0    0    0    0    
0    0    0    0    0    
0    0    0    0    0    
0    0    0    0    0    
0    0    0    0    0    
0    0    0    0    0    
0    0    0    0    0    
0    0    0    0    0    
0    0    0    0    0    
0    0    0    0    0    
0    0    0    0    0    
0    0    0    0    0    
0    0    0    0    0    
0    0    0    0    0    
0    0    0    0    0    
0    0    0    0    0    
0    0    0    0    0    
0    0    0    0    0    
0    0    0    0    0    
0    0    0    0    0    
0    0    0    0    0    
0    0    0    0    0    
0    0    0    0    0    
0    0    0    0    0    
0    0    0    0    0    
0    0    0    0    0    
0    0    0    0    0    
0    0    0    0    0    
0    0    0    0    0    
0    0    0    0    0    
0    0    0    0    0    
0    0    0    0    0    
0    0    0    0    0    
0    0    0    0    0    
0    0    0    0    0    
0    0    0    0    0    
0    0    0    0    0    
0    0    0    0    0    
0    0    0    0    0    
0    0    0    0    0    
0    0    0    0    0    
0    0    0    0    0    
0    0    0    0    0    
0    0    0    0    0    
0    0    0    0    0    
0    0    0    0    0    
0    0    0    0    0    
0    0    0    0    0    
0    0    0    0    0    
0    0    0    0    0    
0    0    0    0    0    
0    0    0    0    0    
0    0    0    0    0    
0    0    0    0    0    
0    0    0    0    0    
0    0    0    0    0    
0    0    0    0    0    
0    0    0    0    0    
0    0    0    0    0    
0    0    0    0    0    
0    0    0    0    0    
0    0    0    0    0    
0    0    0    0    0    
0    0    0    0    0    
0    0    0    0    0    
0    0    0    0    0    
0    0    0    0    0    
0    0    0    0    0    
0    0    0    0    0    
0    0    0    0    0    
0    0    0    0    0    
0    0    0    0    0    
0    0    0    0    0    
0    0    0    0    0    
0    0    0    0    0    
0    0    0    0    0    
0    0    0    0    0    
0    0    0    0    0    
0    0    0    0    0    
0    0    0    0    0    
0    0    0    0    0    
0    0    0    0    0    
0    0    0    0    0    
0    0    0    0    0    
0    0    0    0    0    
0    0    0    0    0    
0    0    0    0    0    
0    0    0    0    0    
0    0    0    0    0    
0    0    0    0    0    
0    0    0    0    0    
0    0    0    0    0    
0    0    0    0    0    
0    0    0    0    0    
0    0    0    0    0    
0    