.DATE:   30/ 3/2022 Time :16:03:02   FILE :am 241 14mm air  30march.txt
ID:\Spectrum ID
Dwell Time :98µs  Sync Pulse :External  Channel Advance :Internal
CHNLS:4096 RT: 1000   HWLT: 1000   CRLT: 1000
0    0    0    0    0    
0    0    0    0    0    
0    0    0    0    0    
0    0    0    0    0    
0    0    0    0    0    
0    0    0    0    0    
0    0    0    0    0    
0    0    0    0    0    
0    0    0    0    0    
0    0    0    0    0    
0    0    0    0    0    
0    0    0    0    0    
0    0    0    0    0    
0    0    0    0    0    
0    0    0    0    0    
0    0    0    0    0    
0    0    0    0    0    
0    0    0    0    0    
0    0    0    0    0    
0    0    0    0    0    
0    0    0    0    0    
0    0    0    0    0    
0    0    0    0    0    
0    0    0    0    0    
0    0    0    0    0    
0    0    0    0    0    
0    0    0    0    0    
0    0    0    0    0    
0    0    0    0    0    
0    0    0    0    0    
0    0    0    0    0    
0    0    0    0    0    
0    0    0    0    0    
0    0    0    0    0    
0    0    0    0    0    
0    0    0    0    0    
0    0    0    0    0    
0    0    0    0    0    
0    0    0    0    1    
3    1    2    4    8    
9    20    39    44    81    
108    166    230    376    498    
642    896    1333    1866    2307    
2522    2610    2453    2180    1938    
1785    1648    1623    1523    1581    
1514    1467    1405    1373    1372    
1295    1372    1300    1275    1344    
1283    1262    1293    1286    1293    
1245    1258    1165    1229    1241    
1199    1171    1191    1155    1222    
1166    1116    1046    1154    1094    
1107    1179    1138    1106    1041    
1135    1052    1089    1074    1080    
1112    1077    1051    1049    1085    
1015    1035    1034    1057    1015    
1062    999    1008    1068    1012    
1072    1001    1034    1045    989    
1036    1023    1060    1008    1078    
1027    1095    1006    1060    1038    
1034    1026    1016    946    996    
1008    1078    1019    1037    1079    
1046    1062    1014    1002    993    
1039    1025    1023    997    1028    
964    1089    946    1089    999    
1120    1020    1030    1051    1093    
1005    1026    1014    1067    1066    
1056    1004    1071    1069    1064    
1097    1085    1048    1103    1085    
1107    1060    1066    1062    1077    
1081    1075    1075    1093    1073    
1108    1107    1047    1041    1061    
1110    1091    1139    1087    1069    
1146    1056    1113    1152    1130    
1178    1080    1063    1136    1077    
1109    1063    1100    1132    1090    
1149    1127    1141    1120    1089    
1071    1146    1132    1140    1172    
1111    1155    1095    1169    1143    
1161    1202    1240    1143    1152    
1146    1134    1110    1199    1180    
1146    1211    1179    1138    1184    
1188    1259    1200    1193    1178    
1255    1248    1200    1218    1275    
1257    1258    1239    1202    1226    
1198    1177    1216    1280    1185    
1226    1259    1197    1260    1229    
1215    1219    1317    1198    1185    
1235    1240    1234    1215    1300    
1266    1298    1225    1290    1286    
1300    1190    1259    1235    1252    
1284    1250    1255    1242    1246    
1276    1301    1301    1276    1291    
1278    1341    1272    1324    1358    
1329    1313    1291    1302    1351    
1270    1256    1317    1305    1348    
1330    1379    1326    1322    1394    
1311    1322    1345    1307    1344    
1338    1315    1330    1376    1317    
1358    1372    1408    1330    1367    
1331    1327    1338    1389    1381    
1406    1349    1356    1454    1448    
1340    1355    1401    1377    1396    
1390    1390    1399    1381    1405    
1420    1468    1370    1388    1379    
1460    1394    1329    1404    1387    
1373    1400    1408    1397    1465    
1395    1387    1403    1465    1430    
1454    1373    1384    1460    1425    
1385    1384    1417    1468    1500    
1452    1436    1389    1435    1533    
1412    1440    1381    1451    1473    
1448    1459    1417    1474    1466    
1499    1372    1416    1391    1447    
1383    1412    1358    1495    1540    
1489    1453    1397    1519    1480    
1448    1582    1523    1461    1402    
1472    1489    1423    1411    1430    
1498    1463    1375    1492    1521    
1499    1499    1435    1458    1510    
1473    1487    1468    1507    1516    
1492    1441    1469    1519    1505    
1475    1491    1498    1494    1435    
1480    1557    1497    1437    1474    
1546    1545    1598    1514    1470    
1455    1604    1502    1543    1501    
1499    1483    1482    1540    1538    
1483    1433    1521    1524    1534    
1576    1570    1450    1551    1566    
1566    1511    1469    1586    1507    
1542    1578    1464    1492    1563    
1551    1502    1440    1511    1555    
1487    1483    1496    1558    1510    
1523    1477    1513    1475    1515    
1500    1443    1571    1549    1520    
1481    1494    1478    1522    1509    
1496    1450    1509    1444    1447    
1566    1490    1478    1480    1462    
1474    1471    1466    1475    1513    
1413    1446    1557    1491    1363    
1417    1451    1424    1492    1391    
1393    1397    1367    1399    1442    
1398    1343    1354    1417    1367    
1366    1375    1403    1425    1371    
1344    1349    1336    1329    1384    
1311    1355    1286    1307    1327    
1306    1282    1273    1297    1207    
1224    1184    1196    1224    1197    
1170    1164    1173    1175    1161    
1156    1201    1169    1104    1092    
1112    1076    1095    1064    1112    
1072    1027    1023    1056    1051    
1050    1053    1042    998    1001    
997    985    961    935    956    
983    951    886    950    897    
895    897    904    867    919    
829    832    844    844    883    
831    801    822    755    859    
798    761    780    759    713    
707    688    747    758    708    
764    725    680    696    702    
686    693    629    641    622    
638    670    655    639    628    
579    606    595    542    556    
564    586    595    554    541    
532    558    533    523    535    
539    501    508    515    488    
472    489    510    521    457    
471    464    466    443    436    
515    433    462    427    448    
445    424    419    430    417    
409    451    423    426    422    
434    399    410    402    404    
414    416    407    392    377    
363    379    377    390    356    
367    354    355    350    359    
345    344    308    331    323    
320    356    351    317    334    
328    326    285    294    296    
288    308    299    301    285    
321    311    299    254    255    
282    216    249    276    262    
261    258    242    239    251    
224    265    252    251    239    
232    254    219    208    248    
227    189    215    230    193    
203    222    193    198    196    
205    181    184    174    190    
192    191    169    159    158    
174    179    147    145    172    
147    154    167    156    137    
138    138    114    144    146    
166    142    154    145    118    
126    105    132    133    107    
128    139    133    122    112    
114    107    117    122    106    
122    102    92    116    124    
103    97    100    95    102    
96    94    87    92    98    
88    89    96    92    96    
93    90    93    85    82    
84    95    83    89    83    
82    69    72    69    73    
68    75    85    85    70    
67    88    73    77    79    
62    79    70    82    71    
61    63    72    67    67    
66    65    83    63    70    
56    71    66    58    62    
65    75    57    52    54    
42    50    56    61    41    
59    54    39    56    53    
48    49    44    36    51    
45    52    39    39    37    
40    46    46    42    41    
30    40    35    39    31    
27    48    29    30    29    
35    31    22    32    32    
23    30    25    21    31    
27    21    24    25    21    
25    17    19    21    12    
22    20    19    19    18    
15    15    15    14    21    
20    18    13    15    13    
13    8    18    13    19    
25    10    11    18    17    
15    15    16    10    9    
10    14    14    7    14    
7    7    15    5    6    
11    12    9    12    14    
12    9    9    8    7    
8    3    17    2    8    
10    4    14    11    4    
14    6    6    10    6    
6    7    7    1    5    
3    5    7    5    2    
4    7    3    5    3    
6    5    6    6    7    
5    4    5    7    2    
6    9    3    6    7    
3    4    4    7    2    
5    7    5    4    8    
4    1    3    5    6    
4    4    2    2    6    
8    5    1    3    6    
7    3    6    7    6    
6    7    6    6    1    
3    5    11    2    1    
1    9    3    0    5    
5    7    3    7    2    
5    4    5    6    1    
9    3    5    5    4    
6    6    3    7    2    
3    4    2    2    7    
2    2    1    7    7    
3    3    2    2    5    
3    3    3    6    4    
2    3    4    4    6    
4    2    4    7    2    
3    3    2    5    7    
1    2    2    1    4    
6    6    7    1    5    
4    3    2    3    2    
3    2    3    2    4    
4    4    4    5    3    
4    2    0    3    4    
3    6    4    5    4    
2    3    5    5    6    
4    5    7    3    2    
7    3    4    0    2    
5    4    2    1    5    
3    5    3    0    2    
3    2    0    4    3    
5    3    3    2    6    
4    5    1    0    2    
2    2    2    5    5    
5    2    1    2    4    
2    5    3    2    3    
0    1    5    3    5    
2    3    1    2    0    
5    3    1    5    1    
3    3    3    4    3    
0    4    3    6    1    
5    5    0    0    1    
2    0    6    2    5    
0    1    1    0    0    
3    0    2    1    2    
3    0    4    2    1    
0    1    3    1    3    
4    3    4    1    2    
2    1    0    4    1    
0    2    0    1    4    
2    2    3    1    1    
2    1    5    2    2    
4    1    1    5    4    
0    1    1    2    2    
1    3    4    5    1    
2    1    2    1    3    
2    3    5    2    3    
0    0    2    2    3    
4    1    3    1    2    
2    2    1    3    3    
6    0    0    2    2    
1    2    1    0    2    
1    1    4    1    3    
0    3    0    3    2    
3    0    1    3    2    
2    1    1    1    1    
2    1    0    1    1    
3    0    0    2    0    
0    0    1    0    2    
3    1    1    0    1    
0    3    0    1    2    
2    0    1    1    1    
0    2    1    0    1    
2    3    0    4    0    
0    2    0    2    1    
1    0    2    1    2    
1    0    2    2    0    
3    0    1    1    2    
2    0    1    0    1    
0    1    2    3    1    
1    2    0    2    1    
2    0    1    1    0    
0    0    2    1    1    
3    2    2    0    0    
1    1    1    1    1    
3    1    0    0    1    
0    3    0    1    0    
0    2    1    0    0    
1    1    2    0    2    
1    2    0    2    2    
1    2    1    1    1    
1    0    4    2    1    
2    2    1    1    3    
0    0    0    1    3    
1    1    2    3    2    
1    0    2    1    1    
1    2    2    2    1    
3    1    3    0    0    
1    2    0    0    1    
2    2    1    2    0    
2    1    2    0    1    
2    2    0    2    2    
0    0    1    2    0    
1    2    0    2    3    
0    1    1    1    0    
1    1    0    1    0    
0    1    0    0    0    
0    0    0    0    0    
0    1    1    1    0    
1    0    0    0    0    
0    0    2    0    0    
0    0    0    0    0    
0    0    0    0    0    
0    0    0    1    1    
0    0    0    0    1    
0    0    0    0    0    
0    0    0    0    0    
0    0    0    0    0    
0    1    0    0    0    
0    0    0    0    1    
0    0    0    0    0    
0    1    0    0    0    
0    0    0    0    0    
0    0    0    0    0    
1    0    0    0    0    
0    0    0    0    0    
0    0    0    0    1    
0    0    0    0    0    
0    0    0    0    0    
0    0    0    0    0    
0    1    0    0    0    
0    0    0    0    0    
0    0    0    0    0    
0    0    0    0    0    
0    0    1    0    0    
0    0    0    0    0    
0    0    0    0    0    
0    0    0    0    0    
0    0    0    1    0    
0    0    0    0    0    
0    0    0    0    0    
0    0    0    0    0    
0    0    0    0    0    
0    0    0    0    0    
0    0    0    0    0    
0    0    0    0    0    
0    0    0    0    0    
0    0    0    0    0    
0    0    0    0    0    
0    0    1    0    0    
0    0    0    0    0    
0    0    0    0    0    
0    0    0    0    0    
0    0    0    0    0    
0    0    0    0    0    
0    0    0    0    0    
0    0    1    0    0    
0    0    0    0    0    
0    0    0    0    0    
0    0    0    0    0    
0    0    0    0    0    
0    0    0    0    0    
0    0    0    0    0    
0    0    0    0    0    
0    0    0    0    0    
0    0    0    0    0    
0    0    0    0    0    
0    0    0    0    0    
0    0    0    0    0    
0    0    0    0    0    
0    0    0    0    0    
0    0    0    0    0    
0    0    0    0    0    
0    0    0    0    0    
0    0    0    0    0    
0    0    0    0    0    
0    1    0    0    0    
0    0    0    0    0    
0    0    0    0    0    
0    0    0    0    0    
0    0    0    0    0    
0    0    0    0    0    
0    0    0    0    0    
0    0    0    0    0    
0    0    0    0    0    
0    0    0    0    0    
0    0    0    0    0    
0    0    0    0    0    
0    0    0    0    0    
0    0    0    0    0    
0    0    0    0    0    
0    0    0    0    0    
0    0    0    0    0    
0    0    0    0    0    
0    0    0    0    0    
0    0    0    0    0    
0    0    0    0    0    
0    0    0    0    0    
0    0    0    0    0    
0    0    0    0    0    
0    0    0    0    0    
0    0    0    0    0    
0    0    0    0    0    
0    0    0    0    0    
0    0    0    0    0    
0    0    0    0    0    
0    0    0    0    0    
0    0    1    0    0    
0    0    0    0    0    
0    0    0    0    0    
0    0    0    0    0    
0    0    0    0    0    
0    0    0    0    0    
0    0    0    0    0    
0    0    0    0    0    
0    0    0    0    0    
0    0    0    0    0    
0    0    0    0    0    
0    0    0    0    0    
0    0    0    0    0    
0    0    0    0    0    
0    0    0    0    0    
0    0    0    0    0    
0    0    0    0    0    
0    0    0    0    0    
0    0    0    0    0    
0    0    0    0    0    
0    0    0    0    0    
0    0    0    0    0    
0    0    0    0    0    
0    0    0    0    0    
0    0    0    0    0    
0    0    0    0    0    
0    0    0    0    0    
0    0    0    0    0    
0    0    0    0    0    
0    0    0    0    0    
0    0    0    0    0    
0    0    0    0    0    
0    0    0    0    0    
0    0    0    0    0    
0    0    0    0    0    
0    0    0    0    0    
0    0    0    0    0    
0    0    0    0    0    
0    1    0    0    0    
0    0    0    0    0    
0    0    0    0    0    
0    0    0    0    0    
0    0    0    0    0    
0    0    0    0    0    
0    0    0    0    0    
0    0    0    0    0    
0    0    0    0    0    
0    0    0    0    0    
0    0    0    0    0    
0    0    0    0    0    
0    0    0    0    0    
0    0    0    0    0    
0    0    0    0    0    
0    0    0    0    0    
0    0    0    0    0    
0    0    0    0    0    
0    0    0    0    0    
0    0    0    0    0    
0    0    0    0    0    
0    0    0    0    0    
0    0    0    0    0    
0    0    0    0    0    
0    0    0    0    0    
0    0    0    0    0    
0    0    0    0    0    
0    0    0    0    0    
0    0    0    0    0    
0    0    0    0    0    
0    0    0    0    0    
0    0    0    0    0    
0    0    0    0    0    
0    0    0    0    0    
0    0    0    0    0    
0    0    0    0    0    
0    0    0    0    0    
0    0    0    0    0    
0    0    0    0    0    
0    0    0    0    0    
0    0    0    0    0    
0    0    0    0    0    
0    0    0    0    0    
0    0    0    0    0    
0    0    0    0    0    
0    0    0    0    0    
0    0    0    0    0    
0    0    0    0    0    
0    0    0    0    0    
0    0    0    0    0    
0    0    0    0    0    
0    0    0    0    0    
0    0    0    0    0    
0    0    0    0    0    
0    0    0    0    0    
0    0    0    0    0    
0    0    0    0    0    
0    0    0    0    0    
0    0    0    0    0    
0    0    0    0    0    
0    0    0    0    0    
0    0    0    0    0    
0    0    0    0    0    
0    0    0    0    0    
0    0    0    0    0    
0    0    0    0    0    
0    0    0    0    0    
0    0    0    0    0    
0    0    0    0    0    
0    0    0    0    0    
0    0    0    0    0    
0    0    0    0    0    
0    0    0    0    0    
0    0    0    0    0    
0    0    0    0    0    
0    0    0    0    0    
0    0    0    0    0    
0    0    0    0    0    
0    0    0    0    0    
0    0    0    0    0    
0    0    0    0    0    
0    0    0    0    0    
0    0    0    0    0    
0    0    0    0    0    
0    0    0    0    0    
0    0    0    0    0    
0    0    0    0    0    
0    0    0    0    0    
0    0    0    0    0    
0    0    0    0    0    
0    0    0    0    0    
0    0    0    0    0    
0    0    0    0    0    
0    0    0    0    0    
0    0    0    0    0    
0    0    0    0    0    
0    0    0    0    0    
0    0    0    0    0    
0    0    0    0    0    
0    0    0    0    0    
0    0    0    0    0    
0    0    0    0    0    
0    0    0    0    0    
0    0    0    0    0    
0    0    0    0    0    
0    0    0    0    0    
0    0    0    0    0    
0    0    0    0    0    
0    0    0    0    0    
0    0    0    0    0    
0    0    0    0    0    
0    0    0    0    0    
0    0    0    0    0    
0    0    0    0    0    
0    0    0    0    0    
0    0    0    0    0    
0    0    0    0    0    
0    0    0    0    0    
0    0    0    0    0    
0    0    0    0    0    
0    0    0    0    0    
0    0    0    0    0    
0    0    0    0    0    
0    0    0    0    0    
0    0    0    0    0    
0    0    0    0    0    
0    0    0    0    0    
0    0    0    0    0    
0    0    0    0    0    
0    0    0    0    0    
0    0    0    0    0    
0    0    0    0    0    
0    0    0    0    0    
0    0    0    0    0    
0    0    0    0    0    
0    0    0    0    0    
0    0    0    0    0    
0    0    0    0    0    
0    0    0    0    0    
0    0    0    0    0    
0    0    0    0    0    
0    0    0    0    0    
0    0    0    0    0    
0    0    0    0    0    
0    0    0    0    0    
0    0    0    0    0    
0    0    0    0    0    
0    0    0    0    0    
0    0    0    0    0    
0    0    0    0    0    
0    0    0    0    0    
0    0    0    0    0    
0    0    0    0    0    
0    0    0    0    0    
0    0    0    0    0    
0    0    0    0    0    
0    0    0    0    0    
0    0    0    0    0    
0    0    0    0    0    
0    0    0    0    0    
0    0    0    0    0    
0    0    0    0    0    
0    0    0    0    0    
0    0    0    0    0    
0    0    0    0    0    
0    0    0    0    0    
0    0    0    0    0    
0    0    0    0    0    
0    0    0    0    0    
0    0    0    0    0    
0    0    0    0    0    
0    0    0    0    0    
0    0    0    0    0    
0    0    0    0    0    
0    0    0    0    0    
0    0    0    0    0    
0    0    0    0    0    
0    0    0    0    0    
0    0    0    0    0    
0    0    0    0    0    
0    0    0    0    0    
0    0    0    0    0    
0    0    0    0    0    
0    0    0    0    0    
0    0    0    0    0    
0    0    0    0    0    
0    0    0    0    0    
0    0    0    0    0    
0    0    0    0    0    
0    0    0    0    0    
0    0    0    0    0    
0    0    0    0    0    
0    0    0    0    0    
0    0    0    0    0    
0    0    0    0    0    
0    0    0    0    0    
0    0    0    0    0    
0    0    0    0    0    
0    0    0    0    0    
0    0    0    0    0    
0    0    0    0    0    
0    0    0    0    0    
0    0    0    0    0    
0    0    0    0    0    
0    0    0    0    0    
0    0    0    0    0    
0    0    0    0    0    
0    0    0    0    0    
0    0    0    0    0    
0    0    0    0    0    
0    0    0    0    0    
0    0    0    0    0    
0    0    0    0    0    
0    0    0    0    0    
0    0    0    0    0    
0    0    0    0    0    
0    0    0    0    0    
0    0    0    0    0    
0    0    0    0    0    
0    0    0    0    0    
0    0    0    0    0    
0    0    0    0    0    
0    0    0    0    0    
0    0    0    0    0    
0    0    0    0    0    
0    0    0    0    0    
0    0    0    0    0    
0    0    0    0    0    
0    0    0    0    0    
0    0    0    0    0    
0    0    0    0    0    
0    0    0    0    0    
0    0    0    0    0    
0    0    0    0    0    
0    0    0    0    0    
0    0    0    0    0    
0    0    0    0    0    
0    0    0    0    0    
0    0    0    0    0    
0    0    0    0    0    
0    0    0    0    0    
0    0    0    0    0    
0    0    0    0    0    
0    0    0    0    0    
0    0    0    0    0    
0    0    0    0    0    
0    0    0    0    0    
0    0    0    0    0    
0    0    0    0    0    
0    0    0    0    0    
0    0    0    0    0    
0    0    0    0    0    
0    0    0    0    0    
0    0    0    0    0    
0    0    0    0    0    
0    0    0    0    0    
0    0    0    0    0    
0    0    0    0    0    
0    0    0    0    0    
0    0    0    0    0    
0    0    0    0    0    
0    0    0    0    0    
0    0    0    0    0    
0    0    0    0    0    
0    0    0    0    0    
0    0    0    0    0    
0    0    0    0    0    
0    0    0    0    0    
0    0    0    0    0    
0    0    0    0    0    
0    0    0    0    0    
0    0    0    0    0    
0    0    0    0    0    
0    0    0    0    0    
0    0    0    0    0    
0    0    0    0    0    
0    0    0    0    0    
0    0    0    0    0    
0    0    0    0    0    
0    0    0    0    0    
0    0    0    0    0    
0    0    0    0    0    
0    0    0    0    0    
0    0    0    0    0    
0    0    0    0    0    
0    0    0    0    0    
0    0    0    0    0    
0    0    0    0    0    
0    0    0    0    0    
0    0    0    0    0    
0    0    0    0    0    
0    0    0    0    0    
0    0    0    0    0    
0    0    0    0    0    
0    0    0    0    0    
0    0    0    0    0    
0    0    0    0    0    
0    0    0    0    0    
0    0    0    0    0    
0    0    0    0    0    
0    0    0    0    0    
0    0    0    0    0    
0    0    0    0    0    
0    0    0    0    0    
0    0    0    0    0    
0    0    0    0    0    
0    0    0    0    0    
0    0    0    0    0    
0    0    0    0    0    
0    0    0    0    0    
0    0    0    0    0    
0    0    0    0    0    
0    0    0    0    0    
0    0    0    0    0    
0    0    0    0    0    
0    0    0    0    0    
0    0    0    0    0    
0    0    0    0    0    
0    0    0    0    0    
0    0    0    0    0    
0    0    0    0    0    
0    0    0    0    0    
0    0    0    0    0    
0    0    0    0    0    
0    0    0    0    0    
0    0    0    0    0    
0    0    0    0    0    
0    0    0    0    0    
0    0    0    0    0    
0    0    0    0    0    
0    0    0    0    0    
0    0    0    0    0    
0    0    0    0    0    
0    