.DATE:   29/ 3/2022 Time :15:57:08   FILE :am-air-4.txt
ID:\Spectrum ID
Dwell Time :98µs  Sync Pulse :External  Channel Advance :Internal
CHNLS:4096 RT: 1000   HWLT: 1000   CRLT: 1000
0    0    0    0    0    
0    0    0    0    0    
0    0    0    0    0    
0    0    0    0    0    
0    0    0    0    0    
0    0    0    0    0    
0    0    0    0    0    
0    0    0    0    0    
0    0    0    0    0    
0    0    0    0    0    
0    0    0    0    0    
0    0    0    0    0    
0    0    0    0    0    
0    0    0    0    0    
0    0    0    0    0    
0    0    0    0    0    
0    0    0    0    0    
0    0    0    0    0    
0    0    0    0    0    
0    0    0    0    0    
0    0    0    0    0    
0    0    0    0    0    
0    0    0    0    0    
0    0    0    0    0    
0    0    0    0    0    
0    0    0    0    0    
0    0    0    0    0    
0    0    0    0    0    
0    0    0    0    0    
0    0    0    0    0    
0    0    0    0    0    
0    0    0    0    0    
0    0    0    0    0    
0    0    0    0    0    
0    0    0    0    0    
0    0    0    0    0    
0    0    0    2    0    
1    1    1    0    2    
4    5    8    14    27    
38    69    103    184    297    
542    968    1434    2040    2566    
3028    3053    3089    3006    2773    
2428    2195    2020    2033    1847    
1962    1839    1763    1762    1682    
1656    1645    1703    1626    1578    
1542    1486    1512    1483    1439    
1439    1371    1385    1341    1350    
1332    1255    1236    1267    1162    
1147    1120    1115    1057    1035    
1001    1047    976    972    931    
925    851    817    827    867    
784    784    756    761    742    
715    698    710    636    631    
635    630    589    583    516    
569    544    484    545    484    
448    465    440    460    400    
389    395    385    363    368    
366    336    318    312    321    
293    282    298    290    294    
299    264    248    234    243    
215    251    215    208    199    
214    195    234    212    183    
178    185    166    172    158    
161    170    139    144    139    
155    143    129    141    145    
119    135    124    127    132    
110    126    123    123    113    
97    88    85    117    97    
90    106    112    106    87    
101    108    100    96    68    
87    102    81    94    78    
87    73    96    89    84    
79    69    81    78    74    
73    73    82    66    77    
88    75    74    95    76    
82    82    66    75    87    
68    69    84    79    77    
81    82    75    89    62    
71    76    86    83    62    
77    70    75    89    57    
72    90    81    59    69    
99    73    65    84    69    
71    65    71    60    79    
87    70    85    90    92    
78    61    62    76    82    
66    88    72    74    71    
87    88    72    71    73    
84    71    82    78    70    
97    70    87    83    67    
83    86    89    75    83    
66    98    87    78    90    
86    83    68    103    85    
90    71    81    93    70    
80    83    82    86    80    
68    77    97    95    86    
98    91    94    81    77    
83    70    90    82    87    
106    103    80    81    94    
95    89    94    96    103    
84    101    104    82    84    
95    104    92    98    100    
104    104    106    90    86    
89    97    88    92    117    
103    93    119    104    88    
111    120    129    96    106    
99    109    122    100    109    
94    90    112    111    112    
123    128    111    90    115    
108    112    117    109    120    
108    114    122    116    112    
121    101    131    112    120    
133    98    137    131    124    
124    100    130    112    128    
132    146    114    112    126    
114    124    122    137    138    
147    134    151    98    136    
126    103    127    127    153    
121    127    134    141    133    
141    138    144    124    127    
125    130    131    119    148    
128    132    125    144    154    
148    120    149    145    141    
134    132    129    133    154    
161    124    150    160    144    
154    136    139    144    152    
163    150    158    143    162    
142    164    157    147    168    
160    175    161    171    168    
161    154    162    171    170    
153    173    161    171    167    
176    157    177    180    181    
170    225    170    167    193    
163    174    199    177    163    
201    188    170    165    151    
182    176    178    206    165    
177    180    207    176    170    
186    186    205    213    205    
186    197    174    204    184    
188    189    227    198    197    
189    186    204    197    209    
172    199    197    211    179    
191    208    232    225    218    
212    226    231    223    232    
218    237    238    214    218    
227    245    236    240    244    
216    225    250    250    238    
279    267    243    226    248    
229    267    265    244    263    
267    276    255    258    253    
271    256    264    261    266    
235    256    250    253    289    
272    296    272    273    244    
283    285    286    290    279    
303    284    295    300    314    
295    301    281    275    265    
303    320    271    305    293    
327    341    327    316    267    
305    327    320    306    316    
344    340    306    338    341    
336    344    357    331    303    
324    352    355    357    338    
354    344    374    348    377    
358    404    342    332    365    
396    356    382    383    390    
386    379    424    370    360    
396    398    402    382    397    
403    424    394    396    395    
393    425    445    416    441    
411    420    420    406    437    
408    427    404    413    428    
422    431    429    456    458    
451    447    478    423    497    
478    468    455    455    450    
486    460    484    515    493    
490    500    500    478    508    
507    497    492    532    541    
545    534    556    487    487    
526    488    529    575    522    
537    554    593    551    515    
581    566    565    557    575    
543    522    552    533    624    
598    568    546    605    625    
642    540    610    617    611    
612    613    624    649    621    
660    645    643    618    670    
670    643    597    655    670    
648    645    653    685    716    
712    736    642    649    699    
732    725    677    668    711    
755    660    730    751    715    
769    709    763    747    741    
753    748    778    764    686    
820    785    791    780    788    
786    790    732    824    833    
806    802    795    849    872    
837    847    843    853    872    
894    899    919    879    877    
877    908    900    915    938    
938    908    903    892    986    
909    970    945    1002    959    
966    970    1006    1027    1008    
975    1102    998    999    1055    
1084    1046    1045    1064    1072    
1062    1090    1112    1099    1127    
1092    1071    1092    1049    1079    
1074    1119    1149    1137    1109    
1092    1119    1165    1160    1220    
1288    1213    1221    1209    1249    
1282    1253    1274    1250    1251    
1265    1329    1242    1308    1326    
1323    1371    1299    1297    1287    
1329    1286    1292    1356    1330    
1386    1411    1362    1330    1440    
1473    1376    1446    1448    1533    
1463    1508    1468    1532    1480    
1551    1513    1512    1470    1533    
1548    1585    1586    1607    1645    
1601    1643    1646    1628    1701    
1619    1662    1620    1661    1735    
1691    1665    1722    1699    1749    
1772    1759    1785    1753    1784    
1843    1808    1795    1880    1904    
1868    1870    1861    1893    1972    
1915    1914    1980    1949    1861    
1959    2009    1970    1956    2040    
2018    2009    2013    2165    2131    
2127    2096    2074    2156    2097    
2113    2075    2161    2250    2198    
2147    2230    2202    2275    2296    
2223    2262    2342    2384    2372    
2399    2330    2355    2410    2330    
2374    2434    2522    2442    2369    
2501    2513    2486    2425    2629    
2492    2514    2613    2531    2626    
2586    2681    2694    2607    2627    
2706    2723    2699    2717    2785    
2772    2771    2837    2777    2730    
2772    3001    2980    2996    2947    
2952    2962    3004    2985    3014    
3026    3116    3036    3075    3087    
3080    3082    3184    3218    3237    
3199    3265    3182    3196    3281    
3344    3232    3311    3251    3334    
3302    3387    3415    3391    3391    
3347    3418    3453    3536    3555    
3514    3474    3559    3682    3557    
3580    3632    3591    3779    3772    
3782    3754    3673    3755    3772    
3746    3708    3782    3891    3889    
3836    3826    3878    3894    3858    
3912    3923    3985    4058    4083    
4016    4072    4006    4131    4051    
4178    4133    4161    4142    4180    
4270    4158    4188    4223    4182    
4172    4239    4182    4280    4297    
4335    4357    4423    4333    4384    
4342    4351    4422    4375    4375    
4423    4441    4458    4414    4387    
4404    4274    4404    4376    4422    
4402    4380    4357    4335    4444    
4406    4349    4339    4500    4338    
4398    4388    4278    4390    4358    
4251    4290    4263    4365    4297    
4218    4096    4207    4211    4150    
4185    4163    4137    4181    4234    
4136    3975    4135    3918    3946    
4054    3994    3854    3931    3798    
3743    3851    3816    3681    3639    
3653    3654    3477    3535    3597    
3386    3334    3302    3334    3240    
3172    3181    3152    3133    2997    
3035    3028    3029    2747    2869    
2824    2685    2675    2563    2598    
2556    2512    2497    2384    2273    
2329    2326    2214    2264    2076    
2056    2033    2018    1952    1821    
1851    1851    1784    1632    1705    
1657    1581    1551    1493    1452    
1405    1376    1372    1274    1322    
1253    1176    1148    1203    1046    
1083    1065    1067    995    969    
902    871    905    834    812    
756    729    769    739    693    
714    679    645    605    612    
542    572    530    566    523    
465    461    447    462    385    
428    369    383    361    373    
375    350    331    291    343    
304    300    290    276    282    
277    250    273    262    233    
227    245    225    212    223    
215    209    188    187    183    
177    181    181    182    175    
170    166    154    136    131    
143    150    111    114    126    
100    137    110    108    99    
117    117    88    112    112    
109    85    114    85    99    
92    111    85    82    78    
96    76    81    70    71    
88    60    70    78    62    
62    73    50    45    67    
56    49    42    44    48    
43    36    52    43    58    
38    35    44    55    43    
37    41    42    41    36    
38    37    30    39    37    
27    37    22    29    30    
30    28    21    26    27    
16    28    27    18    22    
19    17    21    27    14    
24    16    17    18    22    
16    27    15    25    9    
21    13    11    17    20    
13    15    16    24    27    
11    11    8    14    17    
18    13    16    17    13    
5    23    11    9    17    
19    16    18    12    19    
7    12    8    8    13    
10    13    11    19    14    
13    8    18    11    6    
11    12    9    18    10    
9    11    10    10    11    
16    15    21    13    13    
18    11    13    11    17    
12    10    23    7    11    
10    8    10    13    11    
9    9    12    14    12    
3    12    18    17    11    
11    15    8    12    11    
16    10    5    12    12    
7    13    15    8    17    
10    11    15    10    13    
11    18    11    13    11    
15    7    14    9    12    
11    9    13    11    6    
9    13    9    8    10    
9    21    10    16    9    
12    10    11    17    11    
16    12    8    14    12    
16    13    12    11    10    
4    11    14    19    12    
14    12    11    11    12    
16    8    11    10    14    
11    8    9    8    8    
12    15    10    7    9    
16    8    7    15    13    
11    11    6    14    5    
12    12    8    7    12    
12    8    11    9    11    
5    16    10    12    9    
11    13    6    16    9    
11    14    6    11    6    
11    13    16    14    10    
11    13    8    13    12    
13    14    7    11    7    
13    8    12    9    10    
12    6    15    8    16    
8    8    11    10    9    
14    11    11    10    12    
7    7    9    10    4    
9    17    15    16    10    
10    7    15    5    16    
16    4    19    14    12    
10    11    10    7    6    
12    8    15    11    8    
8    12    12    20    12    
8    11    15    11    10    
7    11    11    12    12    
6    19    6    11    7    
15    7    16    7    9    
8    12    6    12    11    
10    12    9    6    4    
7    12    8    10    7    
7    9    12    11    9    
16    13    11    7    10    
15    14    13    8    5    
17    8    11    11    8    
9    14    11    9    11    
11    12    14    12    15    
9    6    5    9    11    
12    11    11    10    7    
15    5    11    11    11    
15    23    3    12    10    
11    8    14    9    19    
7    19    14    13    11    
10    17    11    8    19    
11    11    15    10    11    
8    14    19    14    5    
11    8    6    7    10    
13    10    12    10    13    
9    8    7    16    15    
17    9    18    10    13    
17    17    10    8    15    
9    8    17    10    15    
11    13    12    14    10    
7    17    9    7    9    
13    9    15    17    15    
7    6    10    7    20    
17    17    18    16    9    
15    10    14    9    20    
9    16    10    17    9    
6    16    10    8    13    
14    20    6    11    14    
15    14    15    14    7    
12    13    21    6    12    
6    8    17    10    19    
12    10    13    6    12    
12    11    12    12    14    
13    14    8    21    22    
10    13    13    12    14    
6    9    13    10    10    
7    16    11    11    8    
18    15    13    14    10    
10    8    14    7    10    
12    15    14    11    8    
8    12    14    14    8    
23    20    12    10    14    
8    10    10    7    10    
6    11    17    8    14    
17    10    11    10    5    
8    10    10    11    5    
22    9    5    13    14    
14    14    7    10    15    
6    6    7    8    11    
12    14    15    9    16    
11    10    13    9    9    
6    15    13    14    16    
13    12    13    21    13    
14    12    8    12    17    
20    10    15    14    8    
12    15    16    10    8    
17    12    11    13    14    
11    12    7    13    7    
9    10    12    13    14    
10    13    15    16    17    
12    12    14    10    19    
15    8    9    16    9    
19    13    12    20    7    
15    8    10    11    7    
10    12    14    12    12    
15    12    9    13    12    
13    13    13    18    11    
11    11    18    7    7    
18    13    12    15    16    
9    10    12    14    11    
8    14    11    11    13    
13    11    11    8    20    
11    11    12    9    10    
14    10    9    14    13    
14    10    13    17    13    
18    13    16    3    11    
7    11    11    10    19    
16    9    12    11    18    
18    19    12    14    13    
13    19    12    3    12    
15    11    14    20    16    
15    15    13    17    10    
9    12    16    18    11    
12    14    14    11    13    
13    17    6    20    14    
13    8    16    11    13    
10    17    10    10    10    
12    8    12    13    15    
11    14    10    11    11    
15    16    12    16    10    
14    10    18    27    9    
13    17    8    7    16    
15    15    9    11    13    
8    15    19    8    20    
17    17    8    14    19    
17    8    14    13    12    
12    10    13    7    13    
10    15    13    9    11    
14    11    8    8    18    
8    12    12    10    10    
6    8    12    11    12    
18    8    14    17    10    
10    12    21    17    11    
8    19    11    12    5    
12    16    9    13    6    
16    17    14    10    14    
6    17    11    18    9    
14    8    8    9    11    
13    7    11    9    12    
15    15    7    10    12    
7    8    7    16    6    
12    13    16    12    14    
8    9    4    13    18    
8    13    6    14    12    
9    14    12    14    7    
14    11    6    12    8    
13    12    9    10    12    
15    10    8    7    10    
18    16    10    7    14    
18    10    8    11    18    
8    13    10    9    9    
12    12    11    7    10    
18    9    9    9    9    
11    8    9    7    18    
7    14    12    8    7    
13    6    12    8    11    
6    7    19    9    8    
11    7    9    10    14    
10    11    7    8    5    
5    8    10    4    8    
8    8    7    11    4    
8    9    11    7    7    
9    9    5    11    10    
5    7    5    11    7    
1    8    9    7    10    
8    7    6    10    11    
9    5    13    7    8    
11    4    9    11    7    
7    5    5    12    5    
3    7    4    4    5    
6    11    7    8    6    
6    7    9    8    6    
6    7    4    6    6    
5    5    4    5    9    
6    7    7    8    11    
8    8    5    7    3    
9    5    4    2    7    
7    4    4    9    7    
2    6    8    6    6    
6    5    7    6    4    
8    5    2    3    7    
7    6    1    6    5    
7    6    2    5    4    
3    3    2    3    3    
3    4    7    9    7    
5    3    0    3    5    
5    3    5    4    0    
2    2    4    3    1    
6    4    5    5    4    
4    2    2    4    5    
2    2    4    2    2    
3    3    2    3    1    
2    2    2    1    1    
3    1    1    1    2    
2    1    3    0    4    
1    0    1    0    1    
2    3    2    0    1    
1    1    3    2    1    
2    1    0    0    2    
1    0    2    0    1    
0    1    0    1    1    
0    2    0    1    1    
1    0    1    1    0    
2    0    0    0    0    
0    0    2    2    1    
1    0    0    0    1    
2    0    0    2    0    
0    0    0    0    0    
1    1    1    0    2    
0    0    0    0    0    
1    0    0    0    1    
0    0    0    0    1    
0    1    2    1    0    
0    0    0    0    0    
1    0    2    0    0    
0    0    0    0    0    
0    0    0    0    0    
0    0    0    0    1    
0    0    0    0    0    
0    0    0    0    0    
0    0    0    0    0    
0    0    0    0    0    
0    1    0    0    0    
1    0    0    0    0    
1    0    0    0    0    
0    0    1    0    0    
0    0    0    0    0    
0    0    0    0    0    
0    1    0    0    0    
1    0    0    1    0    
0    0    0    0    0    
0    0    0    0    1    
0    0    0    0    0    
0    0    0    0    0    
0    0    0    0    0    
0    0    0    0    0    
0    0    0    0    0    
0    0    0    0    0    
1    0    0    0    0    
0    0    0    0    0    
0    0    0    0    0    
0    0    0    0    0    
0    0    0    0    0    
0    0    0    0    0    
1    0    0    0    1    
0    0    0    0    0    
0    0    0    0    0    
0    0    1    0    0    
0    0    0    0    0    
0    0    0    0    0    
0    0    0    0    0    
0    0    0    0    0    
0    0    0    0    0    
0    0    0    0    0    
0    0    0    0    0    
0    0    0    0    0    
0    0    0    0    0    
0    0    0    0    0    
0    0    0    0    1    
0    0    0    0    0    
0    0    0    1    0    
0    1    1    0    0    
0    0    1    0    0    
1    0    0    1    0    
0    0    0    0    0    
0    0    0    0    0    
0    0    0    0    0    
0    0    0    0    0    
0    1    0    0    0    
0    0    0    0    0    
0    0    0    0    0    
1    0    0    0    1    
0    0    1    0    0    
0    0    0    1    0    
1    0    0    0    0    
0    0    0    0    0    
0    0    0    0    0    
0    0    0    0    0    
0    0    0    0    0    
0    0    0    0    0    
0    0    0    0    0    
0    0    0    0    0    
0    0    0    0    0    
0    0    0    0    0    
0    0    0    0    0    
0    0    0    0    0    
0    0    1    0    0    
0    0    0    0    0    
0    0    1    0    1    
0    0    1    0    0    
0    0    0    1    0    
0    1    0    0    0    
0    0    0    1    0    
0    0    0    0    0    
0    0    0    0    0    
1    0    0    0    0    
0    0    0    0    0    
1    0    0    0    0    
0    0    0    0    0    
0    0    1    0    0    
0    0    0    0    0    
0    0    0    0    1    
0    0    0    0    0    
0    0    0    0    0    
0    0    0    0    0    
0    0    1    1    0    
0    0    0    0    0    
0    0    0    0    0    
0    0    0    0    0    
0    0    0    0    0    
0    0    0    0    0    
0    0    0    0    0    
0    0    0    0    0    
0    0    0    0    0    
0    0    0    0    0    
0    0    0    0    0    
0    0    0    0    1    
0    0    0    0    0    
0    0    0    0    0    
1    0    0    0    0    
0    0    0    0    0    
0    0    0    0    0    
0    0    0    0    0    
0    0    0    0    1    
0    0    0    0    0    
1    0    0    0    0    
0    0    0    2    0    
0    0    0    0    0    
0    0    0    1    1    
0    0    0    1    1    
0    0    0    0    0    
0    0    1    1    0    
0    0    0    0    0    
0    0    0    0    0    
0    0    0    0    0    
0    0    0    1    0    
0    0    0    0    0    
0    0    0    0    0    
0    0    0    0    0    
0    0    0    0    0    
0    0    0    0    0    
0    0    0    0    0    
0    0    0    0    0    
0    0    0    0    0    
0    0    0    0    0    
0    0    0    0    0    
0    0    0    0    0    
0    0    0    0    0    
0    0    0    0    0    
0    0    0    0    0    
0    0    0    0    0    
0    0    0    0    0    
0    0    0    0    0    
0    0    0    0    0    
0    0    0    0    0    
0    0    0    0    0    
0    0    0    0    0    
0    0    0    0    0    
0    0    0    0    0    
0    0    0    0    0    
0    0    0    0    0    
0    0    0    0    0    
0    0    0    0    0    
0    0    0    0    0    
0    0    0    0    0    
0    0    0    0    0    
0    0    0    0    0    
0    0    0    0    0    
0    0    0    0    0    
0    0    0    0    0    
0    0    0    0    0    
0    0    0    0    0    
0    0    0    0    0    
0    0    0    0    0    
0    0    0    0    0    
0    0    0    0    0    
0    0    0    0    0    
0    0    0    0    0    
0    0    0    0    0    
0    0    0    0    0    
0    0    0    0    0    
0    0    0    0    0    
0    0    0    0    0    
0    0    0    0    0    
0    0    0    0    0    
0    0    0    0    0    
0    0    0    0    0    
0    0    0    0    0    
0    0    0    0    0    
0    0    0    0    0    
0    0    0    0    0    
0    0    0    0    0    
0    0    0    0    0    
0    0    0    0    0    
0    0    0    0    0    
0    0    0    0    0    
0    0    0    0    0    
0    0    0    0    0    
0    0    0    0    0    
0    0    0    0    0    
0    0    0    0    0    
0    0    0    0    0    
0    0    0    0    0    
0    0    0    0    0    
0    0    0    0    0    
0    0    0    0    0    
0    0    0    0    0    
0    0    0    0    0    
0    0    0    0    0    
0    0    0    0    0    
0    0    0    0    0    
0    0    0    0    0    
0    0    0    0    0    
0    0    0    0    0    
0    0    0    0    0    
0    0    0    0    0    
0    0    0    0    0    
0    0    0    0    0    
0    0    0    0    0    
0    0    0    0    0    
0    0    0    0    0    
0    0    0    0    0    
0    0    0    0    0    
0    0    0    0    0    
0    0    0    0    0    
0    0    0    0    0    
0    0    0    0    0    
0    0    0    0    0    
0    0    0    0    0    
0    0    0    0    0    
0    0    0    0    0    
0    0    0    0    0    
0    0    0    0    0    
0    0    0    0    0    
0    0    0    0    0    
0    0    0    0    0    
0    0    0    0    0    
0    0    0    0    0    
0    0    0    0    0    
0    0    0    0    0    
0    0    0    0    0    
0    0    0    0    0    
0    0    0    0    0    
0    0    0    0    0    
0    0    0    0    0    
0    0    0    0    0    
0    0    0    0    0    
0    0    0    0    0    
0    0    0    0    0    
0    0    0    0    0    
0    0    0    0    0    
0    0    0    0    0    
0    0    0    0    0    
0    0    0    0    0    
0    0    0    0    0    
0    0    0    0    0    
0    0    0    0    0    
0    0    0    0    0    
0    0    0    0    0    
0    0    0    0    0    
0    0    0    0    0    
0    0    0    0    0    
0    0    0    0    0    
0    0    0    0    0    
0    0    0    0    0    
0    0    0    0    0    
0    0    0    0    0    
0    0    0    0    0    
0    0    0    0    0    
0    0    0    0    0    
0    0    0    0    0    
0    0    0    0    0    
0    