.DATE:   29/ 3/2022 Time :15:16:49   FILE :am-air-2.txt
ID:\Spectrum ID
Dwell Time :98µs  Sync Pulse :External  Channel Advance :Internal
CHNLS:4096 RT: 1000   HWLT: 1000   CRLT: 1000
0    0    0    0    0    
0    0    0    0    0    
0    0    0    0    0    
0    0    0    0    0    
0    0    0    0    0    
0    0    0    0    0    
0    0    0    0    0    
0    0    0    0    0    
0    0    0    0    0    
0    0    0    0    0    
0    0    0    0    0    
0    0    0    0    0    
0    0    0    0    0    
0    0    0    0    0    
0    0    0    0    0    
0    0    0    0    0    
0    0    0    0    0    
0    0    0    0    0    
0    0    0    0    0    
0    0    0    0    0    
0    0    0    0    0    
0    0    0    0    0    
0    0    0    0    0    
0    0    0    0    0    
0    0    0    0    0    
0    0    0    0    0    
0    0    0    0    0    
0    0    0    0    0    
0    0    0    0    0    
0    0    0    0    0    
0    0    0    0    0    
0    0    0    0    0    
0    0    0    0    0    
0    0    0    0    0    
0    0    0    0    0    
0    0    0    0    0    
0    0    0    2    0    
0    0    0    1    2    
1    2    1    2    9    
15    24    36    70    147    
237    355    549    776    1070    
1294    1394    1461    1473    1431    
1271    1248    1087    994    980    
939    894    900    922    819    
875    851    878    872    793    
823    811    854    761    787    
810    702    716    803    734    
727    674    746    644    645    
626    682    644    604    647    
634    601    542    646    544    
564    579    548    506    508    
529    527    532    494    516    
482    451    468    467    443    
399    413    388    419    346    
425    387    347    325    300    
333    299    334    336    330    
315    286    263    259    273    
262    241    250    253    267    
220    207    214    227    206    
199    191    195    183    205    
170    185    170    167    157    
134    150    133    160    127    
142    127    128    115    132    
117    123    116    116    98    
108    109    85    74    98    
101    89    85    87    85    
88    73    85    70    78    
94    58    70    73    66    
83    65    61    60    80    
70    68    55    66    69    
55    62    57    63    63    
65    61    80    49    50    
55    62    55    63    54    
62    68    62    41    57    
54    56    44    53    50    
53    49    52    42    64    
65    37    48    48    68    
73    58    53    54    42    
49    50    48    57    43    
45    59    53    57    52    
61    53    53    44    59    
62    51    52    45    50    
45    58    44    58    58    
65    51    52    58    58    
54    53    55    51    44    
54    52    37    37    56    
41    54    49    55    60    
60    49    66    77    52    
57    50    59    60    51    
55    64    47    56    53    
50    56    51    61    59    
60    46    60    65    58    
41    79    57    52    53    
58    61    45    54    55    
67    65    55    57    67    
58    67    63    67    66    
60    59    53    55    56    
45    69    56    62    57    
68    43    57    56    50    
57    62    66    71    54    
56    63    59    62    63    
55    77    49    69    75    
67    76    51    76    81    
70    56    55    59    69    
74    66    62    66    63    
64    79    70    70    74    
86    65    58    69    73    
54    88    67    57    68    
76    87    92    76    67    
73    68    64    73    71    
75    66    85    81    56    
78    83    64    82    71    
82    67    66    90    58    
82    76    81    74    84    
87    70    85    87    82    
89    77    86    79    81    
82    74    76    91    86    
73    75    86    73    86    
86    65    82    75    89    
84    91    78    76    85    
101    65    92    75    93    
82    75    79    92    82    
91    87    76    83    86    
81    89    79    92    85    
87    79    100    110    93    
98    120    106    97    100    
117    96    77    96    102    
79    108    96    87    84    
100    105    105    100    102    
104    107    98    108    115    
86    99    76    92    83    
127    96    123    125    94    
97    111    93    91    85    
102    104    95    105    87    
96    109    117    108    107    
118    111    115    111    99    
106    107    141    104    125    
132    132    121    108    110    
106    122    111    111    127    
128    114    150    117    124    
118    114    116    113    123    
133    134    118    129    99    
140    128    127    141    140    
128    134    126    130    138    
113    151    123    136    145    
149    151    124    142    138    
147    140    123    137    136    
142    132    128    143    153    
142    108    152    135    156    
153    131    149    142    145    
126    138    136    157    153    
176    150    153    148    143    
156    154    154    161    161    
169    144    171    164    174    
146    155    186    152    157    
166    155    144    167    169    
174    176    181    156    180    
166    178    191    175    176    
166    164    196    172    185    
173    191    200    174    163    
162    168    190    203    184    
205    171    168    211    199    
171    197    196    219    201    
204    195    178    201    235    
211    203    209    189    229    
202    212    236    229    214    
211    196    198    227    205    
229    216    225    221    223    
245    231    247    218    227    
238    238    225    240    279    
221    246    250    221    247    
247    242    224    255    232    
237    235    253    256    249    
255    281    232    257    279    
260    268    278    249    282    
243    213    274    258    253    
254    256    268    301    261    
277    271    261    261    283    
278    281    288    308    276    
273    266    292    285    307    
287    277    303    290    293    
278    293    289    282    312    
278    324    295    306    290    
303    301    326    342    303    
292    358    336    320    299    
308    347    331    319    327    
357    321    348    337    326    
323    322    332    298    331    
329    343    342    372    357    
339    339    291    321    357    
356    386    357    341    369    
358    370    372    360    349    
367    348    365    386    348    
380    393    358    357    376    
314    401    351    372    380    
385    358    386    377    381    
361    374    378    379    416    
383    371    419    401    380    
400    394    390    395    352    
435    411    374    411    388    
410    435    410    430    412    
429    419    442    425    413    
436    426    415    425    435    
398    439    461    412    452    
424    433    467    407    460    
471    491    481    447    469    
470    501    484    487    467    
467    487    440    494    494    
456    512    472    478    493    
490    460    516    517    498    
504    521    505    526    581    
498    494    490    491    529    
538    523    551    527    534    
544    537    572    551    545    
534    555    571    540    559    
534    525    583    573    534    
538    598    592    572    539    
558    617    607    620    610    
575    596    632    605    602    
605    604    613    622    663    
615    628    660    625    657    
637    613    639    632    631    
715    697    705    654    658    
694    719    657    661    673    
662    687    690    668    705    
661    730    719    705    736    
678    730    733    749    744    
771    771    806    701    773    
769    750    730    771    829    
827    799    811    801    776    
782    803    824    845    865    
835    791    832    824    865    
819    873    898    838    876    
881    867    913    959    959    
895    890    875    965    932    
995    936    922    959    995    
963    1012    984    973    992    
1001    965    985    1016    1022    
1096    1052    1057    1027    1075    
1114    1118    1129    1048    1104    
1160    1127    1137    1123    1124    
1184    1158    1180    1168    1183    
1218    1179    1208    1278    1197    
1275    1276    1275    1218    1274    
1321    1290    1340    1339    1348    
1412    1389    1458    1427    1403    
1302    1415    1465    1490    1454    
1443    1490    1535    1500    1502    
1470    1534    1512    1594    1625    
1651    1582    1700    1688    1654    
1661    1710    1649    1681    1733    
1778    1845    1780    1745    1806    
1784    1845    1888    1951    1964    
1889    2000    1974    1944    1998    
2070    2031    2001    2004    2219    
2116    2141    2129    2159    2165    
2200    2287    2316    2310    2242    
2309    2361    2349    2325    2469    
2548    2319    2517    2540    2480    
2520    2585    2666    2639    2655    
2607    2694    2771    2732    2777    
2809    2847    2858    2854    2975    
2867    2878    3050    3139    2946    
3060    3074    3122    3210    3140    
3276    3209    3307    3315    3352    
3405    3421    3377    3548    3565    
3518    3560    3693    3661    3696    
3739    3831    3801    3820    3897    
3932    3953    4031    3982    4029    
4179    4085    4202    4150    4252    
4350    4236    4352    4400    4391    
4512    4516    4440    4680    4664    
4703    4807    4795    4839    4896    
4796    4999    4910    4966    5039    
5266    5094    5184    5174    5215    
5423    5269    5401    5338    5407    
5576    5497    5722    5605    5640    
5585    5680    5831    5788    5826    
5943    5839    6040    6087    6104    
6200    6077    6236    6100    6186    
6114    6339    6285    6254    6347    
6453    6424    6529    6528    6571    
6577    6611    6851    6614    6652    
6655    6747    6738    6852    6536    
6709    6707    6785    6755    6745    
6945    6780    6689    6815    6825    
6815    6847    6842    6822    6801    
6774    6698    6617    6796    6640    
6688    6696    6715    6647    6644    
6445    6467    6566    6566    6453    
6224    6404    6248    6256    6266    
6111    6095    6184    6016    5810    
5925    5806    5624    5604    5731    
5417    5464    5478    5368    5137    
5240    5042    4921    5056    4920    
4917    4686    4641    4470    4551    
4253    4461    4147    4108    4088    
3826    3865    3878    3806    3688    
3570    3503    3365    3304    3168    
3130    3147    3044    2875    2847    
2800    2701    2610    2559    2484    
2332    2258    2246    2076    2186    
2100    1959    1836    1844    1799    
1793    1651    1598    1563    1486    
1492    1388    1410    1268    1211    
1207    1157    1143    1085    1048    
987    974    901    797    857    
754    748    767    693    717    
644    661    600    539    581    
550    506    511    481    463    
423    414    386    372    393    
319    346    322    326    328    
265    275    286    255    229    
255    221    200    182    177    
180    169    153    157    146    
135    138    137    115    101    
116    125    93    114    95    
94    74    89    94    80    
79    82    79    67    73    
81    62    59    49    62    
43    49    59    42    47    
57    48    41    43    34    
50    32    33    36    36    
31    35    41    29    34    
32    31    26    20    34    
27    19    26    25    20    
15    25    16    24    17    
24    20    29    20    16    
18    17    21    21    16    
20    19    23    24    16    
21    19    21    18    21    
23    13    14    10    18    
16    18    20    13    19    
9    10    10    15    16    
17    11    14    18    13    
11    15    14    17    18    
11    11    16    12    16    
17    15    11    18    10    
13    16    12    15    11    
14    16    12    17    20    
15    15    12    7    11    
16    14    12    15    12    
12    9    15    12    9    
14    17    9    17    17    
13    13    12    12    18    
14    14    14    8    9    
15    13    18    14    15    
14    16    10    16    15    
8    16    16    15    10    
10    10    13    11    8    
19    12    10    15    9    
10    10    18    14    12    
10    10    14    10    13    
10    10    7    15    11    
19    12    12    20    17    
18    10    14    8    10    
9    12    16    8    14    
23    12    9    11    9    
11    11    17    15    11    
13    14    6    8    8    
10    8    12    14    12    
7    10    13    12    8    
7    9    10    7    9    
12    6    11    8    11    
10    11    12    7    10    
20    13    9    3    10    
13    9    17    11    16    
12    8    6    11    13    
9    8    10    6    12    
9    14    12    9    13    
20    16    14    12    9    
15    14    15    8    8    
14    14    12    18    15    
6    20    10    15    12    
11    9    8    10    9    
9    17    15    16    15    
12    12    14    11    8    
9    9    12    12    16    
13    7    8    14    11    
17    9    9    12    11    
9    19    9    11    17    
12    17    11    12    18    
14    19    15    10    13    
9    15    10    15    14    
13    13    11    7    13    
18    13    9    15    11    
15    8    15    8    12    
15    17    8    7    12    
15    20    14    14    17    
9    12    15    15    11    
7    10    16    8    18    
5    6    15    8    14    
9    6    16    9    11    
10    13    9    9    8    
14    7    5    15    14    
8    14    15    11    13    
12    11    13    16    11    
14    15    10    9    11    
13    12    7    9    13    
10    14    15    19    11    
8    11    11    13    10    
12    13    21    8    15    
11    18    8    13    17    
8    12    13    14    11    
6    6    13    16    10    
12    12    13    13    6    
12    9    19    6    11    
11    9    12    16    10    
12    13    10    16    16    
8    11    15    6    12    
16    12    6    12    12    
13    6    13    12    15    
15    13    21    10    9    
17    21    9    9    12    
15    12    12    16    12    
10    19    12    10    10    
8    11    5    14    14    
13    11    16    14    11    
21    7    12    12    12    
10    12    13    12    9    
12    19    19    7    18    
9    8    9    8    13    
10    15    22    16    13    
12    11    21    15    7    
19    7    13    10    13    
17    8    16    12    11    
18    14    12    10    10    
16    13    16    17    13    
14    16    17    10    16    
16    7    18    17    10    
11    18    20    14    18    
6    13    18    17    13    
12    14    12    14    18    
13    13    16    17    13    
12    11    7    11    10    
13    18    10    21    13    
13    11    12    10    20    
18    28    12    14    14    
4    12    5    9    11    
19    10    19    9    14    
12    6    10    13    6    
9    15    10    7    17    
14    8    12    15    18    
16    8    8    19    13    
18    11    10    6    12    
12    9    11    10    20    
15    10    13    12    9    
11    9    8    11    6    
8    14    11    19    11    
9    13    21    9    13    
15    11    11    13    10    
16    11    13    13    7    
14    6    18    18    16    
9    16    16    13    14    
16    10    17    9    12    
14    18    15    15    10    
6    17    11    15    7    
23    10    19    21    9    
19    18    14    10    18    
13    16    7    17    11    
10    22    9    12    10    
15    15    21    11    13    
14    9    10    9    13    
9    11    12    15    10    
11    7    11    14    14    
15    12    16    17    9    
16    9    18    13    17    
13    13    13    11    9    
9    14    11    11    13    
21    13    15    15    12    
17    16    16    11    14    
14    11    8    12    14    
15    16    8    16    16    
11    5    10    18    21    
13    13    25    21    11    
15    13    15    12    16    
13    24    8    19    15    
17    11    12    16    16    
22    11    8    16    12    
19    14    20    17    13    
16    10    19    9    10    
17    14    14    14    12    
16    17    20    16    14    
15    14    10    16    23    
12    21    15    8    18    
17    10    12    12    13    
13    10    13    15    17    
19    16    15    17    12    
18    9    18    19    18    
18    17    12    8    15    
19    14    21    17    7    
14    16    15    8    11    
13    17    16    17    20    
8    12    12    15    17    
16    17    18    28    11    
15    20    23    13    21    
15    13    22    13    15    
16    12    13    12    24    
11    13    21    13    9    
9    16    18    17    25    
14    13    22    14    23    
13    17    17    17    25    
17    10    13    18    15    
23    18    11    13    25    
15    20    17    14    13    
19    20    19    11    16    
17    16    15    18    12    
13    16    14    18    11    
18    8    14    15    18    
21    14    22    15    16    
19    14    15    19    17    
21    9    14    20    15    
18    16    24    11    12    
18    10    19    18    15    
17    14    15    15    16    
18    16    13    20    10    
10    11    17    14    9    
15    22    17    16    20    
14    17    14    13    17    
15    25    6    10    12    
21    17    19    19    13    
24    9    16    8    14    
12    16    11    15    17    
17    22    16    17    23    
16    19    18    11    15    
17    18    13    13    17    
22    17    19    18    12    
17    14    11    14    14    
17    29    17    19    18    
19    22    22    13    11    
12    14    13    28    22    
18    19    20    21    20    
20    15    14    18    19    
11    20    12    12    21    
18    14    20    21    16    
15    13    20    19    16    
17    22    14    17    19    
17    27    15    16    10    
17    25    12    19    12    
31    18    18    12    11    
16    24    13    17    9    
22    17    17    15    28    
19    16    20    20    17    
22    6    19    16    12    
22    16    17    16    23    
15    15    18    22    21    
23    16    15    18    24    
14    17    18    18    10    
19    17    24    18    21    
12    15    19    10    17    
18    13    18    21    18    
16    13    13    23    20    
15    14    17    16    17    
18    14    14    15    16    
17    22    24    17    14    
13    17    20    16    15    
18    12    23    12    17    
13    22    16    16    16    
17    17    17    6    13    
11    16    14    11    11    
8    23    19    21    10    
12    13    14    16    14    
19    20    21    16    12    
16    9    16    17    16    
12    14    17    16    19    
17    16    15    14    6    
10    12    14    9    15    
12    15    21    16    16    
13    9    14    13    21    
14    22    11    10    10    
21    7    9    12    13    
10    18    8    8    10    
12    18    7    8    13    
8    10    10    10    9    
9    11    8    13    13    
13    15    7    9    8    
13    3    8    5    11    
4    11    15    3    8    
9    9    9    10    6    
15    8    10    10    2    
9    9    13    5    9    
8    7    8    10    4    
10    11    3    10    5    
10    6    4    7    6    
4    4    6    6    7    
1    7    7    3    6    
2    5    4    7    3    
6    5    3    9    2    
1    8    6    6    3    
6    5    4    5    5    
3    4    4    3    3    
1    4    4    2    0    
2    0    3    2    4    
5    0    0    2    3    
1    1    2    1    2    
3    1    6    2    2    
3    3    0    1    0    
0    1    1    0    1    
0    1    0    3    1    
2    0    0    1    2    
0    0    0    1    1    
0    0    0    4    1    
0    1    2    0    1    
0    0    0    1    1    
0    1    0    0    0    
0    0    1    1    1    
1    0    1    1    1    
1    0    0    0    0    
0    0    1    0    0    
0    1    0    1    1    
0    0    0    1    0    
0    0    1    0    0    
0    0    0    0    0    
1    0    0    0    0    
0    0    0    0    0    
0    0    0    0    1    
0    0    0    0    0    
0    0    0    1    0    
1    0    0    0    1    
1    0    0    0    0    
0    0    0    1    0    
0    0    0    0    0    
0    0    0    0    0    
0    0    0    1    0    
0    1    0    0    0    
1    0    0    0    0    
0    0    0    1    0    
0    0    0    0    0    
0    0    0    0    0    
1    0    0    0    0    
0    0    0    0    0    
0    1    0    0    0    
0    0    0    0    0    
0    0    0    0    0    
1    0    0    0    1    
0    0    0    0    0    
0    0    0    0    1    
0    0    0    0    0    
0    0    0    0    1    
0    0    1    0    0    
0    0    0    0    0    
0    0    0    0    0    
0    0    0    0    0    
0    0    0    0    0    
0    0    0    0    0    
0    0    0    1    0    
0    0    0    2    0    
0    0    0    0    0    
0    1    0    0    0    
0    0    0    0    0    
0    0    0    0    0    
0    0    1    0    0    
0    0    0    0    0    
1    0    0    0    0    
0    0    0    0    0    
0    0    0    0    0    
0    0    1    1    3    
2    0    0    0    0    
0    1    0    0    0    
0    0    0    0    0    
0    1    0    0    0    
0    0    0    1    0    
0    0    0    0    0    
0    0    0    1    0    
0    1    0    0    0    
0    0    0    0    0    
0    0    0    1    0    
0    1    0    1    0    
0    0    0    0    0    
0    0    1    0    0    
0    0    1    0    0    
2    0    0    0    0    
0    1    1    0    2    
1    0    1    0    0    
1    0    1    0    1    
0    1    1    1    1    
0    0    2    0    0    
0    0    0    0    1    
0    0    1    1    0    
0    3    0    0    1    
0    1    3    0    0    
1    1    0    0    0    
0    0    1    2    0    
0    0    0    1    0    
0    0    2    1    0    
0    0    2    0    0    
0    1    0    0    0    
0    0    0    0    0    
0    0    0    0    0    
0    0    0    0    0    
0    0    0    0    0    
0    0    0    0    0    
0    0    0    0    0    
0    0    0    0    0    
0    0    0    0    0    
0    0    0    0    0    
0    0    0    0    0    
0    0    0    0    0    
0    0    0    0    0    
0    0    0    0    0    
0    0    0    0    0    
0    0    0    0    0    
0    0    0    0    0    
0    0    0    0    0    
0    0    0    0    0    
0    0    0    0    0    
0    0    0    0    0    
0    0    0    0    0    
0    0    0    0    0    
0    0    0    0    0    
0    0    0    0    0    
0    0    0    0    0    
0    0    0    0    0    
0    0    0    0    0    
0    0    0    0    0    
0    0    0    0    0    
0    0    0    0    0    
0    0    0    0    0    
0    0    0    0    0    
0    0    0    0    0    
0    0    0    0    0    
0    0    0    0    0    
0    0    0    0    0    
0    0    0    0    0    
0    0    0    0    0    
0    0    0    0    0    
0    0    0    0    0    
0    0    0    0    0    
0    0    0    0    0    
0    0    0    0    0    
0    0    0    0    0    
0    0    0    0    0    
0    0    0    0    0    
0    0    0    0    0    
0    0    0    0    0    
0    0    0    0    0    
0    0    0    0    0    
0    0    0    0    0    
0    0    0    0    0    
0    0    0    0    0    
0    0    0    0    0    
0    0    0    0    0    
0    0    0    0    0    
0    0    0    0    0    
0    0    0    0    0    
0    0    0    0    0    
0    0    0    0    0    
0    0    0    0    0    
0    0    0    0    0    
0    0    0    0    0    
0    0    0    0    0    
0    0    0    0    0    
0    0    0    0    0    
0    0    0    0    0    
0    0    0    0    0    
0    0    0    0    0    
0    0    0    0    0    
0    0    0    0    0    
0    0    0    0    0    
0    0    0    0    0    
0    0    0    0    0    
0    0    0    0    0    
0    0    0    0    0    
0    0    0    0    0    
0    0    0    0    0    
0    0    0    0    0    
0    0    0    0    0    
0    0    0    0    0    
0    0    0    0    0    
0    0    0    0    0    
0    0    0    0    0    
0    0    0    0    0    
0    0    0    0    0    
0    0    0    0    0    
0    0    0    0    0    
0    0    0    0    0    
0    0    0    0    0    
0    0    0    0    0    
0    0    0    0    0    
0    0    0    0    0    
0    0    0    0    0    
0    0    0    0    0    
0    0    0    0    0    
0    0    0    0    0    
0    0    0    0    0    
0    0    0    0    0    
0    0    0    0    0    
0    0    0    0    0    
0    0    0    0    0    
0    0    0    0    0    
0    0    0    0    0    
0    0    0    0    0    
0    0    0    0    0    
0    0    0    0    0    
0    0    0    0    0    
0    0    0    0    0    
0    0    0    0    0    
0    0    0    0    0    
0    0    0    0    0    
0    0    0    0    0    
0    0    0    0    0    
0    0    0    0    0    
0    0    0    0    0    
0    0    0    0    0    
0    0    0    0    0    
0    0    0    0    0    
0    0    0    0    0    
0    0    0    0    0    
0    0    0    0    0    
0    0    0    0    0    
0    0    0    0    0    
0    0    0    0    0    
0    0    0    0    0    
0    0    0    0    0    
0    0    0    0    0    
0    0    0    0    0    
0    0    0    0    0    
0    0    0    0    0    
0    0    0    0    0    
0    