.DATE:   30/ 3/2022 Time :14:19:40   FILE :am 241 8mm vaccum30 march.txt
ID:\Spectrum ID
Dwell Time :98µs  Sync Pulse :External  Channel Advance :Internal
CHNLS:4096 RT: 1000   HWLT: 1000   CRLT: 1000
0    0    0    0    0    
0    0    0    0    0    
0    0    0    0    0    
0    0    0    0    0    
0    0    0    0    0    
0    0    0    0    0    
0    0    0    0    0    
0    0    0    0    0    
0    0    0    0    0    
0    0    0    0    0    
0    0    0    0    0    
0    0    0    0    0    
0    0    0    0    0    
0    0    0    0    0    
0    0    0    0    0    
0    0    0    0    0    
0    0    0    0    0    
0    0    0    0    0    
0    0    0    0    0    
0    0    0    0    0    
0    0    0    0    0    
0    0    0    0    0    
0    0    0    0    0    
0    0    0    0    0    
0    0    0    0    0    
0    0    0    0    0    
0    0    0    0    0    
0    0    0    0    0    
0    0    0    0    0    
0    0    0    0    0    
0    0    0    0    0    
0    0    0    0    0    
0    0    0    0    0    
0    0    0    0    0    
0    0    0    0    0    
0    0    0    0    0    
0    0    0    0    0    
0    0    0    0    1    
2    0    2    1    2    
4    5    4    7    10    
17    23    32    55    68    
87    104    155    240    322    
429    510    585    644    579    
532    447    380    351    307    
326    354    370    369    382    
349    344    388    342    372    
390    366    333    341    326    
371    343    375    357    396    
363    340    346    386    371    
376    374    350    384    384    
379    357    371    400    369    
381    360    357    359    370    
386    411    420    366    368    
386    387    360    359    371    
394    379    409    393    422    
358    403    395    400    432    
415    397    366    379    407    
406    449    374    409    385    
385    430    410    384    371    
391    411    433    398    414    
345    424    389    459    421    
421    433    381    427    417    
412    426    431    452    392    
455    440    384    440    422    
452    419    464    437    428    
435    484    410    436    429    
439    455    455    430    454    
449    438    424    440    474    
457    444    439    476    430    
462    429    501    482    451    
449    432    458    428    485    
417    448    463    464    456    
414    474    471    492    450    
482    480    500    493    475    
498    482    519    513    534    
487    487    493    478    488    
476    512    527    537    504    
536    520    521    537    505    
514    556    516    528    510    
530    536    512    472    518    
521    551    557    554    504    
522    508    570    544    533    
549    516    523    508    575    
511    522    572    556    534    
529    511    516    537    575    
526    570    554    561    548    
564    587    594    579    621    
499    563    580    587    560    
574    525    586    608    648    
573    612    591    616    569    
615    586    602    612    598    
584    592    627    578    606    
599    589    616    632    601    
610    605    637    585    633    
622    624    657    639    617    
643    625    605    589    620    
670    689    630    676    678    
644    680    613    652    655    
693    628    659    670    691    
667    697    593    703    703    
726    612    666    706    652    
655    664    709    660    731    
716    698    667    713    688    
769    708    654    722    713    
731    716    711    698    674    
689    729    690    737    727    
732    758    719    746    680    
753    756    703    745    741    
718    749    750    730    818    
750    744    789    717    767    
783    763    778    774    756    
795    782    787    800    791    
795    768    793    812    790    
820    781    781    737    799    
795    804    781    792    802    
795    881    828    806    868    
797    861    825    793    809    
847    842    826    890    857    
816    865    795    864    901    
876    866    780    879    854    
898    847    802    894    872    
875    940    853    883    869    
962    856    913    870    892    
904    861    924    890    951    
885    887    883    929    933    
912    995    963    936    959    
956    960    947    983    944    
967    961    968    1013    997    
954    938    985    969    1012    
967    994    986    967    968    
1003    991    1010    1020    963    
1028    984    1005    1022    1002    
1006    1037    978    1011    1003    
1031    1042    1040    1066    1045    
1022    1036    1029    1081    1060    
1032    1053    1086    1048    1028    
1079    1094    1064    1089    1120    
1130    1034    1076    1130    1143    
1089    1037    1115    1153    1106    
1110    1126    1112    1165    1191    
1187    1183    1106    1177    1177    
1137    1231    1140    1164    1169    
1182    1135    1200    1167    1167    
1176    1196    1151    1149    1196    
1193    1158    1205    1204    1225    
1187    1192    1173    1216    1279    
1186    1238    1168    1208    1185    
1226    1223    1270    1230    1225    
1244    1268    1308    1293    1290    
1228    1320    1286    1215    1306    
1295    1334    1253    1311    1335    
1252    1276    1300    1302    1336    
1417    1338    1372    1306    1344    
1359    1402    1315    1367    1315    
1323    1401    1388    1417    1368    
1327    1416    1415    1399    1366    
1377    1420    1446    1408    1439    
1416    1423    1407    1405    1456    
1399    1430    1460    1470    1527    
1441    1560    1478    1428    1476    
1433    1510    1498    1492    1477    
1509    1501    1446    1510    1527    
1436    1548    1589    1524    1609    
1526    1577    1501    1498    1464    
1566    1541    1575    1478    1572    
1678    1648    1575    1608    1596    
1470    1551    1596    1604    1591    
1669    1567    1584    1602    1582    
1623    1611    1641    1692    1593    
1682    1705    1685    1633    1619    
1729    1772    1678    1725    1649    
1710    1658    1688    1701    1719    
1730    1716    1768    1715    1805    
1746    1697    1826    1767    1767    
1755    1756    1802    1781    1820    
1717    1786    1770    1723    1756    
1770    1791    1838    1876    1741    
1818    1843    1825    1783    1814    
1823    1805    1907    1873    1845    
1837    1808    1883    1859    1980    
1882    1851    1926    1869    1929    
1908    1984    1884    1901    1959    
1936    1945    1919    1931    2004    
1952    2041    2009    1996    2041    
2017    1976    1960    2046    1988    
1966    2138    1975    2076    2102    
2021    2012    2088    2078    2126    
2121    2027    2074    2066    2029    
2072    2076    2082    2112    2194    
1998    2105    2048    2066    2050    
2122    2151    2053    2118    2188    
2202    2140    2121    2148    2106    
2194    2184    2178    2202    2200    
2223    2246    2191    2200    2283    
2321    2238    2212    2229    2265    
2351    2261    2249    2284    2398    
2278    2241    2319    2331    2314    
2348    2347    2299    2345    2378    
2386    2295    2380    2360    2335    
2404    2417    2385    2332    2365    
2427    2423    2469    2466    2394    
2421    2483    2477    2470    2495    
2459    2432    2377    2456    2457    
2565    2478    2441    2605    2616    
2592    2575    2580    2534    2426    
2609    2518    2533    2604    2558    
2662    2607    2687    2587    2723    
2671    2631    2623    2735    2599    
2687    2642    2770    2693    2805    
2732    2722    2717    2746    2728    
2707    2712    2747    2685    2768    
2712    2832    2729    2811    2809    
2786    2866    2863    2905    2862    
2861    2851    2918    2740    2844    
2857    2922    2846    2857    3001    
2937    2812    2876    2883    2926    
2967    2975    2952    3026    2997    
2961    3030    2939    2989    3015    
2908    3036    2961    2977    3080    
3055    3022    3038    3023    2978    
3028    3090    3070    3039    3174    
3166    3077    3108    3094    3245    
3143    3079    3225    3151    3202    
3174    3124    3228    3156    3180    
3273    3141    3213    3210    3222    
3207    3150    3112    3245    3285    
3311    3423    3360    3310    3329    
3328    3301    3428    3367    3373    
3295    3380    3302    3468    3366    
3345    3436    3328    3513    3435    
3404    3287    3382    3411    3302    
3329    3428    3359    3342    3423    
3357    3332    3527    3477    3414    
3506    3500    3474    3427    3446    
3328    3432    3407    3443    3493    
3407    3441    3347    3470    3432    
3371    3390    3385    3412    3492    
3387    3448    3205    3382    3355    
3314    3518    3414    3235    3370    
3304    3307    3280    3346    3322    
3265    3272    3219    3039    3130    
3001    3126    3113    3178    3141    
3127    3071    2996    3015    3011    
2943    3022    2971    2914    2943    
2820    2871    2887    2752    2705    
2764    2626    2715    2681    2508    
2555    2611    2503    2535    2565    
2458    2408    2436    2419    2298    
2289    2226    2221    2215    2183    
2156    2093    2034    2028    2004    
1974    1892    1914    1865    1952    
1851    1670    1742    1624    1581    
1676    1602    1529    1442    1538    
1563    1403    1355    1302    1324    
1294    1341    1279    1151    1247    
1127    1133    1053    1046    1080    
948    1017    939    903    886    
859    832    838    801    767    
696    750    713    687    636    
601    614    584    509    552    
546    482    481    492    456    
446    436    424    404    373    
390    389    371    334    348    
346    318    307    293    255    
276    244    243    234    251    
247    222    194    190    208    
201    207    156    189    172    
160    161    151    153    125    
137    131    133    131    114    
104    123    103    115    93    
84    99    94    80    90    
75    64    78    69    74    
83    59    67    64    56    
56    71    78    52    65    
58    45    43    42    52    
48    44    46    43    60    
47    44    56    39    41    
35    57    51    40    39    
43    39    41    47    19    
45    26    40    30    24    
34    28    36    30    35    
31    31    23    28    26    
29    34    25    30    32    
22    28    28    28    24    
26    21    22    27    25    
21    35    19    23    32    
20    28    20    22    21    
33    23    33    27    27    
25    21    20    24    24    
17    17    22    19    26    
30    24    25    28    20    
32    26    29    20    22    
34    33    23    22    27    
26    27    19    29    19    
29    23    25    42    23    
27    26    21    15    28    
31    31    10    23    23    
27    21    23    28    17    
18    23    13    18    22    
26    23    30    19    22    
27    18    34    21    14    
25    24    33    29    26    
26    21    18    28    23    
16    26    17    23    17    
26    24    23    20    22    
21    19    28    28    20    
23    22    15    27    18    
25    16    18    18    28    
27    12    21    19    16    
24    22    23    18    25    
15    21    31    22    17    
25    12    31    11    20    
25    24    29    25    32    
23    27    24    19    17    
23    18    22    13    21    
24    26    14    23    21    
19    19    21    17    17    
17    21    24    24    20    
18    22    30    26    18    
23    27    19    17    24    
17    19    19    16    25    
24    16    23    17    23    
25    24    23    23    24    
16    22    14    21    24    
22    25    21    21    30    
18    20    25    19    23    
17    21    23    16    22    
16    25    20    22    19    
15    27    27    22    20    
15    19    25    17    14    
20    24    21    23    20    
20    23    23    25    21    
13    21    20    16    26    
26    13    18    18    24    
22    21    17    21    24    
22    14    17    19    27    
11    25    21    21    14    
20    22    23    25    19    
21    15    13    22    20    
17    13    16    18    26    
17    23    13    22    26    
12    17    17    21    15    
30    26    15    23    21    
23    22    17    30    28    
18    16    12    20    15    
17    13    13    20    19    
21    11    16    23    27    
14    16    17    23    18    
24    21    17    16    20    
23    19    17    17    24    
27    6    22    19    22    
20    19    13    18    21    
15    19    23    20    21    
16    20    24    21    10    
16    23    18    22    13    
14    16    17    20    14    
25    21    16    20    19    
21    20    14    19    20    
15    21    26    18    27    
20    21    14    23    19    
20    18    23    18    19    
25    24    18    31    19    
10    17    21    18    12    
15    16    16    21    14    
10    17    19    13    17    
19    20    18    13    19    
16    15    15    23    17    
16    23    22    12    12    
14    19    24    9    13    
13    11    8    12    17    
13    14    15    12    22    
17    18    11    13    22    
15    17    23    10    15    
12    10    14    16    18    
21    12    21    17    10    
20    16    18    15    14    
15    21    9    24    20    
21    20    11    27    21    
24    13    12    14    12    
17    23    12    12    15    
14    14    15    16    26    
12    15    15    15    22    
12    25    8    20    13    
14    18    13    22    16    
8    12    21    20    11    
15    22    16    13    15    
9    10    25    19    12    
11    16    11    7    12    
18    8    12    15    14    
19    18    25    14    22    
17    19    21    14    15    
14    21    16    12    14    
17    17    14    13    18    
19    20    13    13    23    
18    14    10    14    21    
15    21    14    17    15    
17    18    18    15    22    
21    6    17    11    13    
15    19    10    19    18    
18    14    19    17    18    
15    12    18    18    13    
10    10    14    28    12    
23    10    7    13    16    
17    15    15    14    14    
12    17    16    12    14    
20    6    11    11    23    
21    12    18    14    18    
17    12    12    15    9    
12    10    12    13    18    
10    23    12    5    10    
14    15    13    10    8    
11    14    14    12    11    
16    12    15    9    14    
11    18    14    11    13    
18    15    9    14    22    
15    11    11    8    13    
8    16    18    15    13    
11    10    11    9    13    
11    10    13    12    11    
10    11    14    18    11    
11    15    12    9    8    
9    13    14    11    15    
13    14    18    6    9    
11    13    19    9    19    
14    11    11    13    11    
12    7    12    11    14    
9    12    9    12    6    
7    14    10    11    12    
13    15    10    10    11    
7    13    14    15    8    
8    14    9    8    14    
4    12    12    10    10    
9    19    14    6    11    
8    10    10    8    13    
10    8    13    12    7    
7    12    5    9    12    
10    10    15    7    3    
12    9    14    12    13    
12    11    14    7    12    
5    5    8    9    10    
13    5    9    8    9    
10    9    18    12    7    
13    7    6    10    9    
9    9    13    10    6    
8    10    5    4    6    
6    3    11    10    6    
9    8    7    6    8    
8    4    5    2    8    
9    6    11    6    4    
4    9    9    12    7    
11    10    6    11    10    
6    8    9    9    8    
6    9    7    7    6    
7    12    8    8    10    
8    4    5    6    7    
7    9    11    7    6    
6    9    6    4    7    
8    8    5    9    8    
5    3    6    7    4    
5    7    1    6    3    
10    5    7    2    3    
7    3    9    5    12    
6    3    5    4    6    
5    8    2    4    8    
6    9    7    7    2    
9    8    3    6    5    
5    6    4    4    12    
3    2    6    4    4    
3    3    3    3    3    
4    2    2    5    2    
3    3    4    4    6    
4    5    5    4    5    
5    1    3    2    2    
2    5    1    1    4    
3    4    4    3    2    
2    2    5    5    4    
5    1    5    2    0    
0    1    2    2    3    
6    5    4    4    4    
1    0    1    2    3    
7    3    1    3    4    
3    1    2    3    0    
4    1    3    2    0    
5    4    4    4    2    
3    4    4    2    3    
2    2    1    2    1    
1    2    5    1    5    
2    1    3    3    1    
1    1    4    3    2    
1    1    1    1    1    
1    1    1    0    1    
0    1    3    0    1    
2    0    2    0    4    
2    2    2    1    1    
0    1    2    0    1    
1    0    1    1    1    
1    0    0    1    2    
1    1    3    2    2    
1    0    3    0    2    
0    0    2    1    0    
0    0    1    1    0    
0    0    0    1    0    
2    2    0    4    0    
0    0    1    0    0    
1    0    0    1    0    
0    0    0    0    1    
0    0    1    0    1    
1    0    0    0    1    
0    0    0    1    0    
0    0    0    0    0    
0    0    0    0    0    
0    0    0    1    0    
1    0    0    0    0    
0    0    0    0    0    
0    0    0    1    0    
0    0    0    1    0    
0    0    0    1    0    
0    0    0    0    0    
0    0    0    1    1    
0    0    1    1    0    
0    0    0    0    0    
0    0    0    0    0    
0    0    0    1    0    
0    0    0    0    0    
0    0    1    0    0    
0    1    0    0    0    
0    0    0    1    0    
0    0    0    0    0    
0    0    0    0    0    
0    0    0    0    0    
0    0    0    0    1    
0    0    0    0    0    
0    0    0    0    0    
0    0    0    0    0    
0    0    0    1    0    
0    0    0    1    0    
0    0    0    0    0    
0    0    0    0    0    
0    0    0    0    0    
0    0    0    0    0    
0    0    0    1    0    
0    0    0    0    0    
0    0    0    0    0    
0    0    0    0    0    
0    0    0    0    0    
0    3    0    0    0    
0    0    0    0    0    
0    0    0    0    0    
0    1    0    1    0    
0    0    0    0    0    
0    0    0    1    0    
0    0    0    1    0    
0    0    0    0    1    
0    0    0    0    0    
0    0    0    0    0    
0    0    1    0    0    
0    1    0    0    0    
0    0    0    0    0    
0    0    0    0    0    
0    0    1    0    0    
0    0    1    1    0    
0    0    0    0    0    
0    0    0    1    0    
0    0    0    0    0    
0    0    0    0    0    
0    0    0    0    0    
0    0    0    0    0    
0    0    0    0    0    
0    0    0    0    0    
0    0    0    0    1    
0    0    0    0    0    
0    0    0    0    0    
0    0    0    0    0    
0    0    0    0    0    
0    0    0    0    0    
0    0    0    0    0    
0    0    0    0    0    
0    0    0    0    0    
0    0    0    0    0    
0    0    0    0    0    
0    0    0    0    0    
0    0    0    1    0    
0    0    0    0    0    
0    0    0    0    0    
1    0    0    0    1    
0    0    0    0    0    
0    1    0    0    0    
0    0    0    0    0    
0    0    2    0    0    
0    0    0    0    0    
0    0    0    0    0    
1    0    0    0    0    
0    0    1    0    0    
0    0    0    0    0    
0    0    0    0    0    
0    0    0    0    0    
0    0    0    0    0    
0    0    0    0    0    
0    0    0    0    0    
2    0    0    0    0    
0    0    0    0    1    
0    0    0    0    0    
0    0    0    0    0    
0    0    0    0    0    
0    0    0    0    0    
0    0    0    0    0    
0    0    1    0    0    
0    0    0    0    0    
0    0    0    0    0    
0    0    0    0    0    
0    0    0    0    0    
0    0    0    0    0    
0    0    0    0    0    
0    0    0    0    0    
0    0    0    0    0    
0    0    0    0    0    
0    0    1    0    0    
0    0    0    0    0    
0    0    0    0    0    
0    0    0    0    0    
0    0    0    0    0    
0    0    0    0    0    
0    0    1    0    0    
0    0    0    0    0    
0    0    0    0    0    
0    0    0    0    0    
0    0    0    0    0    
0    0    0    0    0    
1    0    0    0    1    
0    0    0    0    0    
0    0    0    0    0    
0    0    0    0    0    
0    0    0    0    1    
0    0    0    0    0    
0    0    0    0    0    
0    0    0    0    0    
0    0    0    0    0    
0    0    0    0    0    
0    0    0    0    0    
0    0    0    0    0    
0    0    0    0    0    
0    0    0    0    0    
0    0    0    0    0    
0    0    0    0    0    
0    0    0    0    0    
0    0    0    0    0    
0    0    0    0    0    
0    0    0    0    1    
0    0    0    0    0    
0    1    0    0    0    
0    0    0    0    0    
0    0    0    0    0    
0    0    0    0    0    
0    0    0    0    0    
0    0    0    0    0    
0    0    0    0    0    
0    0    0    0    0    
0    0    0    0    0    
0    0    0    0    0    
0    0    0    0    0    
0    0    0    0    0    
0    0    1    0    0    
0    1    0    0    0    
0    0    0    0    0    
0    0    0    0    0    
0    0    0    0    0    
0    0    0    0    0    
0    0    0    0    0    
0    0    0    0    0    
0    0    0    0    0    
0    0    0    0    0    
0    0    1    0    0    
0    0    0    0    0    
0    0    0    0    0    
0    0    0    0    1    
0    0    0    0    0    
0    0    0    0    0    
0    0    0    0    0    
0    0    0    0    0    
0    0    0    0    0    
0    0    0    0    0    
0    0    0    0    0    
0    0    0    0    0    
0    0    0    0    0    
0    0    0    0    0    
0    0    0    0    0    
0    0    0    0    0    
0    0    0    0    0    
0    0    0    0    0    
0    0    0    0    0    
0    0    0    0    0    
0    0    0    0    0    
0    0    0    0    0    
0    0    0    0    0    
0    0    0    0    0    
0    0    0    0    0    
0    0    0    0    0    
0    0    0    0    0    
0    0    0    0    0    
0    0    0    0    0    
0    0    0    0    0    
0    0    0    0    0    
0    0    0    0    0    
0    0    0    0    0    
0    0    0    0    0    
0    0    0    0    0    
0    0    0    0    0    
0    0    0    0    0    
0    0    0    0    0    
0    0    0    0    0    
0    0    0    0    0    
0    0    0    0    0    
0    0    0    0    0    
0    0    0    0    0    
0    0    0    0    0    
0    0    0    0    0    
0    0    0    0    0    
0    0    0    0    0    
0    0    0    0    0    
0    0    0    0    0    
0    0    0    0    0    
0    0    0    0    0    
0    0    0    0    0    
0    0    0    0    0    
0    0    0    0    0    
0    0    0    0    0    
0    0    0    0    0    
0    0    0    0    0    
0    0    0    0    0    
0    0    0    0    0    
0    0    0    0    0    
0    0    0    0    0    
0    0    0    0    0    
0    0    0    0    0    
0    0    0    0    0    
0    0    0    0    0    
0    0    0    0    0    
0    0    0    0    0    
0    0    0    0    0    
0    0    0    0    0    
0    0    0    0    0    
0    0    0    0    0    
0    0    0    0    0    
0    0    0    0    0    
0    0    0    0    0    
0    0    0    0    0    
0    0    0    0    0    
0    0    0    0    0    
0    0    0    0    0    
0    0    0    0    0    
0    0    0    0    0    
0    0    0    0    0    
0    0    0    0    0    
0    0    0    0    0    
0    0    0    0    0    
0    0    0    0    0    
0    0    0    0    0    
0    0    0    0    0    
0    0    0    0    0    
0    0    0    0    0    
0    0    0    0    0    
0    0    0    0    0    
0    0    0    0    0    
0    0    0    0    0    
0    0    0    0    0    
0    0    0    0    0    
0    0    0    0    0    
0    0    0    0    0    
0    0    0    0    0    
0    0    0    0    0    
0    0    0    0    0    
0    0    0    0    0    
0    0    0    0    0    
0    0    0    0    0    
0    0    0    0    0    
0    0    0    0    0    
0    0    0    0    0    
0    0    0    0    0    
0    0    0    0    0    
0    0    0    0    0    
0    0    0    0    0    
0    0    0    0    0    
0    0    0    0    0    
0    0    0    0    0    
0    0    0    0    0    
0    0    0    0    0    
0    0    0    0    0    
0    0    0    0    0    
0    0    0    0    0    
0    0    0    0    0    
0    0    0    0    0    
0    0    0    0    0    
0    0    0    0    0    
0    0    0    0    0    
0    0    0    0    0    
0    0    0    0    0    
0    0    0    0    0    
0    0    0    0    0    
0    0    0    0    0    
0    0    0    0    0    
0    0    0    0    0    
0    0    0    0    0    
0    0    0    0    0    
0    0    0    0    0    
0    0    0    0    0    
0    0    0    0    0    
0    0    0    0    0    
0    0    0    0    0    
0    0    0    0    0    
0    0    0    0    0    
0    0    0    0    0    
0    0    0    0    0    
0    0    0    0    0    
0    0    0    0    0    
0    0    0    0    0    
0    0    0    0    0    
0    0    0    0    0    
0    0    0    0    0    
0    0    0    0    0    
0    