.DATE:   30/ 3/2022 Time :15:41:42   FILE :am 241 12mm vaccum 30 march.txt
ID:\Spectrum ID
Dwell Time :98µs  Sync Pulse :External  Channel Advance :Internal
CHNLS:4096 RT: 1000   HWLT: 1000   CRLT: 1000
0    0    0    0    0    
0    0    0    0    0    
0    0    0    0    0    
0    0    0    0    0    
0    0    0    0    0    
0    0    0    0    0    
0    0    0    0    0    
0    0    0    0    0    
0    0    0    0    0    
0    0    0    0    0    
0    0    0    0    0    
0    0    0    0    0    
0    0    0    0    0    
0    0    0    0    0    
0    0    0    0    0    
0    0    0    0    0    
0    0    0    0    0    
0    0    0    0    0    
0    0    0    0    0    
0    0    0    0    0    
0    0    0    0    0    
0    0    0    0    0    
0    0    0    0    0    
0    0    0    0    0    
0    0    0    0    0    
0    0    0    0    0    
0    0    0    0    0    
0    0    0    0    0    
0    0    0    0    0    
0    0    0    0    0    
0    0    0    0    0    
0    0    0    0    0    
0    0    0    0    0    
0    0    0    0    0    
0    0    0    0    0    
0    0    0    0    0    
0    0    0    0    0    
0    0    0    0    0    
0    0    0    0    1    
0    2    4    4    5    
9    19    32    36    82    
114    163    203    288    387    
598    907    1213    1560    1690    
1766    1572    1368    1285    1126    
994    1003    999    994    1008    
969    963    947    945    1025    
884    922    934    908    903    
930    954    867    907    893    
915    911    909    928    914    
940    912    838    833    886    
903    900    915    890    884    
885    869    895    907    902    
821    866    840    898    877    
880    864    895    893    890    
882    917    945    892    834    
823    863    874    857    907    
855    877    879    868    916    
877    924    834    893    879    
951    859    857    943    897    
877    899    973    903    881    
863    895    897    908    824    
910    871    887    913    928    
864    879    883    871    944    
903    913    881    974    975    
903    879    897    913    899    
909    899    936    849    946    
952    845    924    998    937    
967    950    886    953    930    
963    951    967    930    922    
990    909    972    955    979    
965    1002    978    967    975    
915    922    944    929    936    
954    981    977    1001    980    
950    982    1009    950    913    
970    1005    1010    992    1055    
989    969    1044    986    983    
988    949    976    969    1005    
1036    1038    1042    998    1098    
1014    1063    1016    986    1075    
1044    1067    991    1052    1063    
1066    978    1033    1070    1075    
1089    1099    1020    1087    1092    
1010    1124    1102    1071    1081    
1049    1073    1082    1104    1135    
1185    1153    1118    1162    1123    
1076    1169    1153    1117    1111    
1160    1141    1142    1109    1158    
1104    1081    1114    1155    1245    
1127    1183    1159    1151    1186    
1140    1178    1190    1195    1176    
1173    1223    1139    1134    1195    
1157    1168    1198    1216    1160    
1227    1223    1233    1233    1276    
1158    1193    1183    1167    1254    
1227    1195    1204    1280    1254    
1218    1300    1242    1270    1245    
1285    1244    1250    1251    1264    
1264    1245    1205    1182    1303    
1303    1308    1327    1261    1293    
1234    1247    1339    1330    1289    
1394    1258    1362    1304    1322    
1358    1319    1335    1373    1294    
1309    1266    1326    1417    1293    
1397    1291    1276    1405    1348    
1390    1339    1392    1415    1417    
1395    1402    1346    1385    1360    
1360    1387    1449    1429    1321    
1401    1380    1467    1347    1441    
1418    1419    1539    1409    1403    
1370    1390    1426    1490    1491    
1442    1484    1484    1439    1444    
1416    1501    1459    1442    1509    
1475    1531    1472    1482    1462    
1445    1527    1522    1572    1567    
1521    1531    1575    1496    1524    
1534    1601    1529    1540    1552    
1530    1497    1559    1600    1589    
1462    1572    1516    1576    1591    
1590    1623    1554    1579    1568    
1580    1648    1579    1627    1579    
1601    1647    1589    1663    1685    
1608    1593    1677    1582    1660    
1730    1674    1654    1673    1715    
1669    1654    1614    1691    1699    
1722    1680    1609    1703    1689    
1705    1715    1685    1755    1699    
1726    1730    1634    1750    1718    
1758    1747    1693    1780    1795    
1778    1690    1803    1796    1781    
1790    1843    1739    1805    1871    
1808    1819    1864    1818    1774    
1855    1819    1746    1881    1894    
1778    1827    1905    1792    1885    
1854    1903    1841    1874    1850    
1820    1827    1833    1877    1883    
1815    1856    1906    1856    1903    
1957    1914    1877    1884    2036    
1944    1910    1896    1981    1951    
1987    1948    1921    2040    1964    
1954    1980    2033    1999    2026    
1976    1935    2016    1977    2025    
2051    2027    2050    2005    2066    
1955    2058    2064    2033    2089    
2035    2053    2058    2006    2046    
2019    2066    2062    2088    2108    
2070    2116    2089    2157    2137    
2181    2188    2160    2165    2195    
2183    2194    2143    2221    2146    
2226    2186    2131    2083    2163    
2239    2217    2211    2253    2166    
2192    2215    2185    2163    2214    
2203    2188    2227    2267    2270    
2239    2253    2296    2367    2296    
2272    2253    2223    2268    2251    
2283    2244    2347    2250    2220    
2294    2405    2314    2316    2424    
2387    2345    2315    2362    2423    
2408    2325    2385    2454    2394    
2409    2452    2419    2409    2565    
2477    2422    2454    2464    2402    
2456    2438    2496    2495    2490    
2500    2444    2441    2446    2566    
2496    2442    2474    2536    2484    
2502    2470    2597    2569    2606    
2540    2536    2628    2506    2452    
2561    2546    2541    2584    2651    
2510    2569    2591    2605    2674    
2565    2588    2595    2689    2646    
2671    2699    2678    2713    2629    
2694    2658    2780    2633    2716    
2730    2579    2778    2709    2731    
2673    2702    2713    2716    2724    
2737    2744    2776    2759    2670    
2761    2689    2879    2766    2815    
2844    2788    2837    2868    2751    
2766    2836    2878    2899    2786    
2893    2935    2826    2825    2816    
2848    2938    2852    2782    2862    
2977    3004    2847    2884    2863    
2866    2883    2981    2904    2854    
2842    2846    2909    2952    2958    
2971    3003    3011    2996    2959    
2894    2977    2994    2954    2993    
3058    2932    2949    2963    2981    
2926    2998    3012    2982    2923    
3073    2977    2977    3031    2941    
2925    2994    2970    2983    2933    
2964    2960    2946    3057    2895    
2894    2906    2963    2906    2921    
3024    2953    2921    2931    2889    
3001    2856    2898    2935    2944    
2903    2943    2912    2864    2932    
2802    2776    2892    2772    2779    
2773    2739    2849    2685    2737    
2687    2690    2748    2677    2667    
2584    2619    2570    2594    2562    
2582    2626    2579    2578    2566    
2497    2469    2447    2435    2468    
2371    2299    2338    2287    2326    
2330    2258    2235    2212    2210    
2139    2122    2144    2110    2075    
1973    2112    2026    2049    1994    
1895    1883    1907    1933    1812    
1793    1713    1768    1724    1681    
1646    1653    1672    1597    1547    
1520    1567    1423    1479    1434    
1381    1439    1456    1325    1357    
1266    1294    1239    1198    1246    
1167    1192    1189    1074    1087    
1063    1011    1042    996    994    
935    931    928    882    882    
828    818    804    753    822    
752    719    669    661    647    
646    633    600    623    574    
604    575    507    530    517    
542    489    471    480    475    
411    410    427    366    393    
351    363    342    360    314    
283    312    285    270    252    
256    266    245    244    252    
229    225    234    198    210    
168    204    186    173    185    
181    156    152    150    151    
140    129    111    141    131    
130    132    108    135    110    
110    99    91    103    94    
73    87    102    84    95    
82    74    58    61    77    
66    51    56    54    57    
74    48    51    61    55    
52    54    51    56    53    
54    50    50    54    36    
44    47    48    48    38    
42    45    43    45    37    
40    47    30    36    30    
26    41    30    32    41    
31    29    32    34    38    
37    32    27    23    40    
34    32    32    36    24    
25    22    38    25    33    
31    26    33    30    33    
28    23    25    28    31    
29    38    22    28    32    
23    25    24    20    25    
24    42    23    25    27    
31    29    20    24    20    
37    26    24    21    24    
21    31    25    18    28    
21    24    17    22    25    
17    29    26    18    31    
27    25    33    15    23    
24    27    29    26    32    
24    30    17    30    23    
22    19    28    26    17    
18    19    24    20    19    
26    29    21    28    24    
23    24    26    28    21    
28    22    22    14    20    
15    18    26    16    21    
16    16    16    18    25    
12    21    26    23    15    
29    18    20    17    21    
15    16    21    22    26    
24    30    13    22    31    
17    22    21    17    22    
24    20    25    26    23    
25    23    34    14    19    
19    14    18    20    24    
17    21    17    14    16    
19    26    19    24    23    
14    17    10    20    22    
20    20    20    25    22    
26    22    23    17    22    
16    21    24    24    24    
14    9    26    20    18    
15    30    19    22    20    
24    17    8    22    20    
14    14    16    11    20    
12    27    11    17    14    
19    14    9    13    11    
21    19    18    16    17    
15    11    17    28    11    
18    10    17    24    15    
15    22    32    18    21    
14    16    10    17    19    
21    12    19    29    16    
20    29    21    19    18    
18    11    12    19    10    
16    23    15    25    26    
17    18    10    24    14    
15    21    14    16    19    
13    15    16    17    17    
22    16    21    21    19    
13    15    20    18    14    
17    19    16    22    11    
18    16    18    16    13    
18    21    18    7    29    
20    22    16    19    22    
9    13    20    13    10    
14    21    16    20    12    
19    16    18    20    18    
15    28    21    18    8    
13    19    13    14    21    
20    15    15    10    15    
11    19    20    20    9    
19    18    17    12    15    
13    23    17    16    16    
15    9    14    13    13    
10    25    14    13    16    
12    14    12    13    11    
14    9    16    17    16    
9    15    19    7    18    
7    9    10    10    10    
15    18    13    13    13    
20    23    11    14    14    
19    13    15    12    20    
11    12    22    18    17    
10    12    16    14    6    
13    12    16    15    17    
13    11    12    12    13    
11    11    8    18    15    
21    11    22    13    8    
19    12    15    11    20    
13    13    15    16    10    
16    13    15    7    7    
12    14    12    6    14    
8    19    13    15    9    
12    19    11    12    16    
11    16    11    8    7    
16    17    10    12    12    
13    15    14    13    14    
8    16    11    13    6    
13    7    10    21    7    
14    16    8    13    7    
10    7    10    8    17    
16    18    10    15    5    
10    12    13    11    14    
3    11    12    8    11    
18    7    14    5    11    
8    6    12    13    11    
8    7    10    10    9    
7    2    13    10    9    
5    7    9    4    3    
10    11    11    5    10    
6    16    12    8    13    
8    15    11    13    9    
6    11    10    8    11    
6    6    14    11    14    
9    11    13    7    11    
6    14    12    10    7    
8    11    7    7    10    
10    9    12    13    3    
8    7    8    8    5    
12    5    5    7    10    
5    6    5    5    7    
7    6    8    6    2    
9    5    9    4    7    
9    8    3    8    6    
12    4    5    7    6    
8    11    8    6    7    
3    7    8    5    7    
6    9    2    9    5    
4    6    7    8    5    
3    6    3    2    8    
8    4    3    4    6    
8    3    2    7    9    
6    5    2    7    12    
6    4    8    6    7    
5    6    7    8    5    
7    3    3    2    6    
6    2    5    4    3    
9    4    2    3    3    
10    4    6    7    3    
3    5    2    3    5    
3    6    1    7    3    
4    1    11    10    3    
1    7    1    4    8    
6    4    3    6    4    
3    3    0    5    1    
2    8    5    3    3    
5    3    1    5    2    
0    3    5    3    4    
8    1    3    6    2    
3    7    2    2    5    
4    3    3    3    4    
1    1    3    2    2    
1    3    4    1    2    
3    6    0    2    2    
1    0    1    4    0    
1    2    3    2    3    
3    0    2    1    0    
1    1    2    0    2    
2    1    1    1    1    
0    3    1    1    2    
3    2    1    0    1    
2    1    1    1    2    
1    0    0    1    1    
0    1    0    2    2    
4    3    1    1    1    
0    2    0    1    0    
1    0    1    1    1    
0    4    1    0    4    
1    3    2    4    0    
0    2    1    1    0    
0    1    0    0    0    
0    1    2    0    0    
0    0    1    0    0    
0    2    0    0    1    
0    0    2    0    1    
1    1    1    0    1    
0    1    0    0    0    
1    0    0    0    0    
0    0    0    0    0    
0    0    1    0    0    
0    0    0    0    1    
0    0    0    0    2    
0    0    0    0    1    
0    0    1    0    1    
1    0    0    1    0    
0    0    0    0    0    
0    0    0    0    0    
0    0    1    0    1    
0    0    0    0    0    
0    0    0    0    0    
0    0    1    0    0    
1    0    0    0    0    
0    0    0    0    0    
1    0    0    0    0    
0    0    0    0    0    
0    0    0    0    0    
1    0    0    0    0    
0    0    0    0    0    
0    0    0    0    0    
0    0    1    0    0    
0    0    0    0    0    
0    0    0    0    0    
0    0    0    0    0    
0    0    0    0    0    
0    0    0    1    0    
0    0    0    0    0    
0    1    0    0    0    
0    0    0    0    0    
0    0    0    0    0    
0    0    0    0    0    
0    0    0    0    0    
0    0    0    0    0    
0    0    0    0    0    
0    1    0    0    0    
0    0    0    0    0    
0    0    1    0    0    
0    0    0    0    0    
0    0    0    0    0    
0    0    0    0    0    
0    0    0    0    0    
0    0    0    0    0    
0    0    0    0    0    
0    0    0    0    0    
0    0    0    0    0    
1    0    0    0    0    
0    0    0    1    0    
0    0    0    0    0    
0    0    1    0    0    
0    0    0    0    0    
0    0    0    0    1    
0    0    0    0    0    
0    0    0    0    0    
1    0    0    0    0    
0    0    0    0    0    
0    0    0    0    0    
0    0    0    0    1    
0    0    0    0    0    
0    0    0    0    0    
0    0    0    0    0    
0    0    0    0    0    
0    0    1    0    0    
0    0    0    0    0    
0    0    0    0    0    
0    0    0    0    0    
0    0    0    0    0    
0    0    0    0    0    
0    0    0    0    0    
0    0    0    0    0    
0    0    0    0    0    
0    0    0    0    0    
0    0    0    0    0    
0    0    0    0    0    
0    0    0    0    0    
0    0    0    0    0    
0    0    1    0    0    
0    0    0    0    0    
0    0    0    0    0    
0    0    0    0    0    
0    0    0    0    0    
0    0    1    0    0    
0    0    0    0    0    
0    0    0    1    0    
0    0    0    0    0    
0    0    0    0    0    
1    0    0    0    0    
0    0    0    0    0    
1    0    0    0    0    
0    0    0    0    0    
0    0    0    0    0    
0    0    0    0    0    
0    1    0    0    0    
0    0    0    0    0    
0    0    1    0    0    
0    0    0    0    0    
0    0    0    0    0    
1    0    0    0    0    
0    0    0    0    1    
0    0    0    0    0    
0    0    0    0    0    
0    0    0    0    0    
0    0    0    0    0    
0    0    1    0    0    
0    0    0    0    0    
0    0    0    0    0    
0    0    0    0    0    
0    0    0    0    0    
0    0    0    0    0    
0    0    0    0    0    
0    0    0    0    0    
0    0    0    0    0    
0    0    0    0    0    
1    0    0    0    0    
0    0    0    0    0    
0    0    0    0    0    
0    0    0    0    0    
0    0    0    0    0    
0    0    0    0    0    
0    0    0    0    0    
0    0    0    0    0    
0    0    0    0    0    
0    0    0    0    0    
0    0    0    0    0    
0    0    0    0    0    
0    0    0    0    0    
0    1    0    0    0    
0    0    0    0    0    
0    0    0    0    0    
0    0    0    0    0    
0    0    0    0    0    
0    0    0    0    0    
0    0    0    0    0    
0    0    0    0    0    
0    0    0    0    0    
1    0    0    0    0    
0    0    0    0    0    
0    0    0    0    0    
0    0    0    0    0    
0    0    0    0    0    
0    0    0    0    0    
0    0    0    0    0    
0    0    0    0    0    
0    0    0    0    0    
0    0    0    0    0    
0    0    0    0    0    
0    0    0    0    0    
0    0    0    0    0    
0    0    0    0    0    
0    0    0    0    0    
0    0    0    0    0    
0    0    0    0    0    
0    0    1    0    0    
0    0    0    0    0    
0    0    0    0    0    
0    0    0    0    0    
0    0    0    0    0    
0    0    0    0    0    
0    0    0    0    0    
0    0    0    0    0    
0    0    0    0    0    
0    0    0    0    0    
0    0    0    0    0    
0    0    0    0    0    
0    0    0    0    0    
0    0    0    0    0    
0    0    0    0    0    
0    0    0    0    0    
0    0    0    0    0    
0    0    0    0    0    
0    0    0    0    0    
0    0    0    0    0    
0    0    0    0    0    
0    0    0    0    0    
1    0    0    0    0    
0    0    0    0    0    
0    0    0    0    0    
0    0    0    0    0    
0    0    0    0    0    
0    0    0    0    0    
0    0    0    0    0    
0    0    0    0    0    
0    0    0    0    0    
0    0    0    0    0    
0    0    0    0    0    
0    0    0    0    0    
0    0    0    0    0    
0    0    0    0    0    
0    0    0    0    0    
0    0    0    0    0    
0    0    0    0    0    
0    0    0    0    0    
0    0    0    0    0    
0    0    0    0    0    
0    0    0    0    0    
0    0    0    0    0    
0    0    0    0    0    
0    0    0    0    0    
0    0    0    0    0    
0    0    0    0    0    
0    0    0    0    0    
0    0    0    0    0    
0    0    0    0    0    
0    0    0    0    0    
0    0    0    0    0    
0    0    0    0    0    
0    0    0    0    0    
0    0    0    0    0    
0    0    0    0    0    
0    0    0    0    0    
0    0    0    0    0    
0    0    0    0    0    
0    0    0    0    0    
0    0    0    0    0    
0    0    0    0    0    
0    0    0    0    0    
0    0    0    0    0    
0    0    0    0    0    
0    0    0    0    0    
0    0    0    0    0    
0    0    0    0    0    
0    0    0    0    0    
0    0    0    0    0    
0    0    0    0    0    
0    0    0    0    0    
0    0    0    0    0    
0    0    0    0    0    
0    0    0    0    0    
0    0    0    0    0    
0    0    0    0    0    
0    0    0    0    0    
0    0    0    0    0    
0    0    0    0    0    
0    0    0    0    0    
0    0    0    0    0    
0    0    0    0    0    
0    0    0    0    0    
0    0    0    0    0    
0    0    0    0    0    
0    0    0    0    0    
0    0    0    0    0    
0    0    0    0    0    
0    0    0    0    0    
0    0    0    0    0    
0    0    0    0    0    
0    0    0    0    0    
0    0    0    0    0    
0    0    0    0    0    
0    0    0    0    0    
0    0    0    0    0    
0    0    0    0    0    
0    0    0    0    0    
0    0    0    0    0    
0    0    0    0    0    
0    0    0    0    0    
0    0    0    0    0    
0    0    0    0    0    
0    0    0    0    0    
0    0    0    0    0    
0    0    0    0    0    
0    0    0    0    0    
0    0    0    0    0    
0    0    0    0    0    
0    0    0    0    0    
0    0    0    0    0    
0    0    0    0    0    
0    0    0    0    0    
0    0    0    0    0    
0    0    0    0    0    
0    0    0    0    0    
0    0    0    0    0    
0    0    0    0    0    
0    0    0    0    0    
0    0    0    0    0    
0    0    0    0    0    
0    0    0    0    0    
0    0    0    0    0    
0    0    0    0    0    
0    0    0    0    0    
0    0    0    0    0    
0    0    0    0    0    
0    0    0    0    0    
0    0    0    0    0    
0    0    0    0    0    
0    0    0    0    0    
0    0    0    0    0    
0    0    0    0    0    
0    0    0    0    0    
0    0    0    0    0    
0    0    0    0    0    
0    0    0    0    0    
0    0    0    0    0    
0    0    0    0    0    
0    0    0    0    0    
0    0    0    0    0    
0    0    0    0    0    
0    0    0    0    0    
0    0    0    0    0    
0    0    0    0    0    
0    0    0    0    0    
0    0    0    0    0    
0    0    0    0    0    
0    0    0    0    0    
0    0    0    0    0    
0    0    0    0    0    
0    0    0    0    0    
0    0    0    0    0    
0    0    0    0    0    
0    0    0    0    0    
0    0    0    0    0    
0    0    0    0    0    
0    0    0    0    0    
0    0    0    0    0    
0    0    0    0    0    
0    0    0    0    0    
0    0    0    0    0    
0    0    0    0    0    
0    0    0    0    0    
0    0    0    0    0    
0    0    0    0    0    
0    0    0    0    0    
0    0    0    0    0    
0    0    0    0    0    
0    0    0    0    0    
0    0    0    0    0    
0    0    0    0    0    
0    0    0    0    0    
0    0    0    0    0    
0    0    0    0    0    
0    0    0    0    0    
0    0    0    0    0    
0    0    0    0    0    
0    0    0    0    0    
0    0    0    0    0    
0    0    0    0    0    
0    0    0    0    0    
0    0    0    0    0    
0    0    0    0    0    
0    0    0    0    0    
0    0    0    0    0    
0    0    0    0    0    
0    0    0    0    0    
0    0    0    0    0    
0    0    0    0    0    
0    0    0    0    0    
0    0    0    0    0    
0    0    0    0    0    
0    0    0    0    0    
0    0    0    0    0    
0    0    0    0    0    
0    0    0    0    0    
0    0    0    0    0    
0    0    0    0    0    
0    0    0    0    0    
0    0    0    0    0    
0    0    0    0    0    
0    0    0    0    0    
0    0    0    0    0    
0    0    0    0    0    
0    0    0    0    0    
0    0    0    0    0    
0    0    0    0    0    
0    0    0    0    0    
0    0    0    0    0    
0    0    0    0    0    
0    0    0    0    0    
0    0    0    0    0    
0    0    0    0    0    
0    0    0    0    0    
0    0    0    0    0    
0    0    0    0    0    
0    0    0    0    0    
0    0    0    0    0    
0    0    0    0    0    
0    0    0    0    0    
0    0    0    0    0    
0    0    0    0    0    
0    0    0    0    0    
0    0    0    0    0    
0    0    0    0    0    
0    0    0    0    0    
0    0    0    0    0    
0    0    0    0    0    
0    0    0    0    0    
0    0    0    0    0    
0    0    0    0    0    
0    0    0    0    0    
0    0    0    0    0    
0    0    0    0    0    
0    0    0    0    0    
0    0    0    0    0    
0    0    0    0    0    
0    0    0    0    0    
0    0    0    0    0    
0    0    0    0    0    
0    0    0    0    0    
0    0    0    0    0    
0    0    0    0    0    
0    0    0    0    0    
0    0    0    0    0    
0    0    0    0    0    
0    0    0    0    0    
0    0    0    0    0    
0    0    0    0    0    
0    0    0    0    0    
0    0    0    0    0    
0    0    0    0    0    
0    