.DATE:   30/ 3/2022 Time :15:01:30   FILE :am 241 10mm vaccum30 march.txt
ID:\Spectrum ID
Dwell Time :98µs  Sync Pulse :External  Channel Advance :Internal
CHNLS:4096 RT: 1000   HWLT: 1000   CRLT: 1000
0    0    0    0    0    
0    0    0    0    0    
0    0    0    0    0    
0    0    0    0    0    
0    0    0    0    0    
0    0    0    0    0    
0    0    0    0    0    
0    0    0    0    0    
0    0    0    0    0    
0    0    0    0    0    
0    0    0    0    0    
0    0    0    0    0    
0    0    0    0    0    
0    0    0    0    0    
0    0    0    0    0    
0    0    0    0    0    
0    0    0    0    0    
0    0    0    0    0    
0    0    0    0    0    
0    0    0    0    0    
0    0    0    0    0    
0    0    0    0    0    
0    0    0    0    0    
0    0    0    0    0    
0    0    0    0    0    
0    0    0    0    0    
0    0    0    0    0    
0    0    0    0    0    
0    0    0    0    0    
0    0    0    0    0    
0    0    0    0    0    
0    0    0    0    0    
0    0    0    0    0    
0    0    0    0    0    
0    0    0    0    0    
0    0    0    0    0    
0    0    0    0    0    
0    0    0    0    0    
0    0    0    1    1    
1    2    3    3    6    
11    14    23    36    65    
88    122    159    202    308    
454    608    810    883    901    
917    778    709    606    597    
548    582    553    582    533    
519    557    550    566    489    
537    510    531    524    540    
525    522    504    520    502    
550    532    469    481    502    
496    482    502    502    541    
489    509    494    475    501    
502    508    480    530    475    
507    503    513    475    441    
491    483    512    478    506    
507    475    505    518    503    
474    499    498    479    512    
512    496    497    481    468    
531    530    514    482    526    
514    532    477    519    490    
541    481    492    534    469    
491    470    495    488    501    
536    501    508    532    525    
522    518    514    508    508    
478    517    515    577    537    
497    544    533    495    522    
535    524    552    501    564    
547    559    549    514    528    
565    508    512    541    527    
567    534    556    554    564    
548    561    533    534    572    
617    565    548    523    590    
546    562    553    531    537    
590    616    572    565    569    
555    587    574    546    557    
568    546    583    561    588    
584    601    608    565    581    
604    585    589    566    538    
594    544    602    614    593    
572    640    597    609    617    
623    610    613    591    616    
590    583    626    596    662    
624    607    610    620    645    
649    614    632    627    615    
582    624    671    612    613    
608    656    614    673    637    
621    654    642    605    632    
635    679    653    708    654    
667    617    654    672    685    
664    718    660    630    681    
679    701    697    685    692    
693    653    695    635    704    
706    692    650    700    674    
684    728    663    701    736    
687    688    753    689    714    
741    711    674    768    689    
730    695    684    727    729    
749    735    720    726    751    
765    748    724    730    739    
720    788    759    711    720    
762    726    783    735    756    
740    774    757    741    841    
788    789    758    800    753    
791    783    707    785    805    
776    773    758    744    746    
800    742    823    865    786    
812    781    767    789    822    
807    817    838    816    803    
838    849    851    869    841    
796    871    820    860    845    
808    835    808    826    868    
898    841    850    826    865    
805    869    833    877    860    
879    894    837    843    892    
852    885    827    850    905    
948    907    851    893    980    
866    890    894    858    911    
897    895    961    870    908    
930    891    927    902    971    
897    944    903    1019    972    
964    973    956    878    959    
899    954    955    970    925    
981    957    964    974    941    
1001    933    928    975    943    
954    997    993    1017    950    
975    1000    1043    940    1016    
981    1003    1029    1025    1018    
998    1048    1043    995    982    
988    999    985    1093    1018    
1042    1012    1055    1066    1034    
1018    1028    1058    1012    1012    
1041    1023    1094    1076    1031    
1098    1016    1027    1126    1078    
1125    1005    1024    1050    1127    
1086    1011    1078    1062    1089    
1082    1151    1100    1068    1063    
1192    1059    1110    1133    1098    
1089    1073    1139    1146    1189    
1132    1153    1126    1093    1168    
1104    1135    1157    1141    1150    
1168    1135    1098    1150    1201    
1187    1213    1140    1190    1210    
1201    1231    1133    1189    1182    
1194    1161    1220    1148    1218    
1251    1245    1249    1218    1249    
1286    1300    1213    1262    1265    
1327    1207    1217    1274    1285    
1213    1263    1222    1260    1244    
1281    1287    1286    1308    1289    
1287    1288    1282    1244    1329    
1252    1241    1353    1313    1293    
1322    1270    1308    1333    1307    
1354    1327    1272    1307    1271    
1314    1397    1398    1343    1379    
1301    1323    1356    1338    1374    
1364    1383    1429    1335    1366    
1350    1371    1468    1377    1374    
1336    1372    1382    1401    1390    
1477    1428    1482    1384    1403    
1423    1344    1483    1401    1485    
1453    1417    1508    1534    1446    
1483    1493    1507    1453    1522    
1484    1472    1444    1515    1476    
1464    1619    1557    1541    1557    
1521    1583    1558    1501    1498    
1602    1486    1574    1590    1499    
1578    1571    1597    1559    1557    
1568    1535    1574    1625    1589    
1607    1664    1590    1535    1603    
1646    1563    1599    1618    1579    
1617    1620    1586    1580    1621    
1670    1684    1652    1704    1690    
1734    1686    1763    1612    1652    
1697    1645    1665    1736    1669    
1691    1692    1687    1778    1739    
1683    1700    1734    1788    1809    
1729    1786    1729    1768    1718    
1799    1715    1786    1841    1816    
1820    1780    1812    1747    1927    
1796    1847    1774    1832    1810    
1786    1871    1843    1835    1886    
1849    1829    1876    1891    1817    
1877    1903    1860    1921    1918    
1887    1866    1889    1893    1929    
1953    1931    1956    1976    1844    
1944    1846    1912    1950    1899    
1926    1990    1933    1950    1924    
1932    1948    1999    1881    1995    
2050    2014    1998    2041    2019    
2116    1995    2097    2039    2026    
2066    2028    2119    2129    2081    
2055    2139    2071    2106    2045    
2099    2080    2123    1968    2128    
2104    2146    2062    2205    2238    
2151    2126    2222    2186    2174    
2196    2178    2112    2152    2272    
2206    2254    2206    2212    2226    
2222    2192    2252    2248    2208    
2254    2299    2278    2267    2227    
2319    2226    2350    2281    2360    
2240    2326    2356    2291    2358    
2346    2318    2277    2439    2362    
2334    2395    2307    2393    2344    
2330    2333    2348    2402    2387    
2409    2415    2540    2446    2398    
2462    2467    2388    2400    2520    
2341    2502    2440    2419    2378    
2496    2525    2566    2427    2631    
2444    2497    2506    2449    2563    
2565    2571    2664    2444    2586    
2582    2565    2521    2561    2626    
2518    2573    2636    2603    2604    
2570    2528    2681    2573    2655    
2594    2634    2568    2575    2621    
2611    2708    2693    2673    2675    
2677    2640    2688    2667    2663    
2690    2661    2632    2631    2615    
2688    2745    2735    2742    2629    
2616    2696    2662    2695    2663    
2748    2671    2532    2583    2630    
2634    2670    2617    2593    2627    
2704    2636    2672    2595    2552    
2673    2582    2654    2587    2651    
2598    2601    2509    2510    2499    
2493    2518    2537    2425    2497    
2493    2433    2533    2433    2508    
2502    2329    2444    2342    2368    
2387    2347    2322    2310    2230    
2307    2263    2268    2237    2193    
2206    2218    2200    2179    2095    
2144    2147    2044    1998    1929    
2008    1942    1895    1946    1958    
1934    1878    1851    1790    1791    
1768    1737    1671    1751    1685    
1678    1607    1647    1539    1563    
1406    1469    1374    1413    1326    
1410    1343    1357    1291    1298    
1247    1248    1255    1168    1188    
1134    1122    1078    1025    1067    
992    983    969    877    927    
870    892    850    814    792    
745    783    709    744    741    
672    677    637    649    650    
578    607    539    548    510    
499    520    490    500    439    
485    423    401    379    375    
391    407    328    307    340    
311    286    315    272    294    
271    249    254    265    250    
232    203    230    214    227    
167    161    171    185    171    
152    132    168    140    144    
141    123    139    114    126    
113    105    102    97    85    
92    92    78    92    103    
88    63    80    53    67    
61    61    65    60    54    
60    56    62    49    46    
46    58    49    48    44    
47    36    31    47    36    
50    38    33    33    41    
33    34    32    40    34    
36    35    28    31    26    
19    23    25    27    27    
28    21    31    28    20    
17    18    24    28    24    
26    30    21    25    16    
20    24    15    21    21    
24    27    23    20    20    
27    26    13    18    16    
24    29    22    21    25    
29    21    27    24    21    
32    20    16    26    28    
20    19    18    9    23    
15    22    22    15    12    
17    23    23    18    28    
20    24    19    12    18    
20    18    19    15    17    
15    16    18    18    14    
21    23    17    12    20    
17    23    14    17    26    
11    20    22    21    24    
29    20    17    17    15    
16    20    19    16    26    
22    22    15    21    23    
9    17    13    19    15    
18    15    15    7    18    
18    20    19    10    20    
16    15    16    14    19    
10    12    27    15    8    
13    12    11    19    14    
11    17    17    18    13    
10    25    17    14    17    
27    7    12    19    23    
14    15    13    20    23    
19    19    10    16    12    
9    8    10    16    10    
14    18    15    16    14    
10    16    19    9    10    
16    23    7    14    16    
14    18    10    16    13    
13    14    20    14    17    
13    18    8    17    13    
21    16    18    25    9    
15    15    9    19    14    
19    20    11    10    12    
17    18    10    11    19    
13    17    9    12    14    
19    28    18    6    10    
20    13    11    18    16    
15    13    20    14    15    
10    15    14    8    18    
16    15    11    14    8    
16    16    18    17    14    
18    21    23    13    12    
8    15    16    23    18    
14    14    9    14    18    
18    18    9    14    25    
13    7    5    11    14    
19    11    13    15    15    
10    19    15    21    17    
16    10    10    16    19    
16    21    13    20    22    
12    13    19    20    16    
12    17    16    15    13    
16    13    13    11    16    
15    15    15    11    11    
14    14    17    12    18    
19    15    10    14    8    
9    16    18    14    10    
11    10    13    12    13    
18    13    11    13    10    
23    18    15    16    12    
16    8    8    19    22    
9    18    11    16    16    
15    13    16    13    16    
12    24    15    16    19    
15    10    7    17    13    
12    14    18    5    17    
17    13    12    13    7    
17    15    16    18    13    
14    11    13    16    12    
9    10    13    14    14    
15    10    9    12    12    
10    14    7    12    12    
15    15    15    9    13    
9    10    19    19    19    
6    19    16    9    13    
14    15    19    13    10    
11    8    5    13    21    
18    12    14    13    9    
15    6    8    6    13    
7    8    16    5    14    
14    13    16    5    9    
9    11    11    9    15    
11    8    16    10    11    
11    13    12    17    18    
11    12    15    9    7    
11    12    11    11    10    
7    12    6    8    11    
10    7    11    16    11    
6    7    17    8    15    
14    11    14    17    10    
8    5    9    12    9    
7    9    14    6    12    
7    7    10    9    11    
12    6    13    11    11    
12    12    11    12    9    
9    9    11    6    9    
7    6    12    10    12    
15    8    15    13    10    
12    14    7    7    10    
8    13    11    6    7    
5    12    7    9    9    
8    7    6    6    10    
10    7    9    5    17    
6    8    12    9    8    
15    12    10    10    8    
4    5    8    8    10    
9    17    16    5    7    
11    3    10    12    5    
7    6    6    10    7    
7    7    5    10    8    
11    4    9    13    6    
11    9    15    4    9    
7    9    5    10    10    
10    6    5    4    11    
13    7    8    8    5    
7    8    16    8    3    
10    5    7    8    5    
8    5    9    8    10    
10    10    9    6    6    
10    8    5    4    12    
10    17    9    7    10    
9    5    10    8    9    
10    7    3    6    6    
4    8    7    5    5    
11    10    6    9    4    
13    5    7    16    2    
4    7    2    9    11    
6    1    5    8    6    
5    1    4    9    12    
11    7    2    8    6    
11    8    10    6    9    
10    5    5    7    3    
4    4    5    9    4    
4    7    5    3    6    
7    9    5    6    3    
5    4    10    2    8    
10    4    1    8    3    
6    8    4    7    7    
4    7    7    4    9    
7    2    6    6    9    
3    6    6    8    7    
6    5    5    6    3    
4    4    3    8    2    
4    3    6    8    6    
2    6    6    6    7    
6    3    6    2    2    
2    4    7    8    4    
3    3    4    9    4    
6    6    8    7    3    
7    9    4    3    7    
2    3    4    3    5    
6    12    6    5    6    
9    5    4    9    1    
1    7    8    5    6    
0    2    6    3    6    
5    5    5    2    5    
0    3    5    1    3    
5    3    4    4    2    
3    5    3    2    4    
4    1    4    1    3    
2    2    0    7    3    
1    5    2    5    2    
3    5    6    2    1    
0    3    6    3    4    
6    0    2    1    2    
5    2    4    5    2    
3    2    2    1    5    
0    2    2    4    4    
2    3    0    1    2    
2    1    2    3    1    
5    6    4    1    1    
5    4    2    2    1    
2    3    2    1    2    
1    2    3    3    2    
2    2    0    1    0    
2    0    0    1    1    
2    3    1    3    0    
0    0    2    0    0    
3    1    2    1    4    
3    1    0    3    1    
0    1    1    2    0    
0    1    4    0    3    
1    1    1    0    2    
0    0    0    1    0    
2    2    0    2    1    
0    0    0    0    1    
1    1    1    0    0    
3    0    1    1    3    
0    2    0    0    1    
0    0    1    0    0    
1    1    0    1    0    
0    0    1    3    1    
1    0    0    2    0    
1    3    0    2    0    
2    1    3    1    0    
0    2    0    1    0    
1    0    0    0    0    
0    1    0    1    0    
1    0    0    1    1    
0    0    0    1    0    
0    0    1    1    0    
0    1    0    0    0    
0    0    0    0    2    
0    0    0    1    0    
0    0    0    0    0    
0    0    0    0    0    
0    0    0    0    0    
0    0    1    1    0    
1    0    1    0    0    
0    0    1    1    0    
0    0    0    1    0    
0    0    0    1    0    
0    0    0    0    0    
0    0    0    0    0    
0    0    1    0    0    
0    0    0    1    0    
0    0    0    0    0    
1    0    0    0    0    
0    0    0    0    0    
0    0    0    0    1    
0    0    0    0    0    
0    0    0    0    0    
0    0    0    0    0    
0    0    0    0    0    
0    0    0    0    0    
0    0    0    1    0    
0    0    0    0    0    
0    0    0    0    0    
1    0    0    0    0    
0    0    0    1    0    
0    0    0    0    0    
0    0    1    0    0    
0    0    0    0    0    
0    0    0    0    0    
0    0    0    0    0    
0    0    0    0    0    
0    0    0    0    0    
0    0    0    0    0    
0    0    0    0    0    
0    0    0    0    0    
0    0    0    0    0    
0    0    1    0    0    
0    0    0    0    0    
1    0    0    0    0    
0    0    0    0    0    
1    0    0    0    0    
0    0    0    0    0    
0    1    0    0    0    
0    0    0    0    0    
0    0    0    0    0    
0    0    0    0    0    
0    0    0    0    0    
0    0    0    0    0    
0    0    0    0    0    
0    0    0    1    0    
0    0    0    0    0    
0    0    0    0    0    
0    0    0    0    0    
0    0    0    0    0    
0    0    0    0    0    
0    0    0    0    0    
0    0    0    0    0    
1    0    0    0    0    
0    0    0    0    0    
0    1    0    0    0    
0    0    0    0    0    
0    0    0    0    0    
0    0    0    0    0    
0    0    0    0    0    
0    0    0    0    0    
0    0    0    0    0    
0    0    0    0    0    
1    0    1    0    0    
0    0    0    0    0    
0    0    1    0    0    
0    1    0    0    0    
0    1    0    0    0    
1    0    0    0    0    
0    0    0    0    0    
0    0    0    0    0    
1    0    0    0    1    
0    0    0    0    0    
0    0    0    0    0    
0    0    0    0    0    
0    0    0    0    0    
0    0    0    0    0    
0    0    0    0    0    
0    0    0    0    0    
0    0    0    1    0    
0    0    0    0    0    
0    0    0    0    0    
0    1    0    0    0    
0    0    0    0    0    
0    0    0    0    0    
0    0    0    0    0    
0    0    0    0    1    
0    0    0    0    1    
0    0    0    0    0    
0    1    0    0    0    
0    0    0    0    0    
0    0    1    0    0    
0    0    0    0    0    
0    0    0    0    0    
0    0    0    1    0    
0    0    0    0    0    
0    0    0    0    0    
0    0    0    0    0    
0    0    0    0    0    
0    0    0    0    0    
0    0    0    0    0    
0    0    0    0    0    
0    0    0    0    0    
0    0    0    0    0    
0    0    0    0    0    
0    0    0    0    0    
0    0    0    0    0    
0    0    0    0    0    
0    0    0    0    0    
0    0    0    0    0    
0    0    1    0    0    
0    0    1    0    0    
0    0    0    0    0    
0    0    0    0    0    
0    0    0    0    0    
0    0    0    0    0    
0    0    0    0    0    
0    0    0    0    0    
0    0    0    0    0    
0    0    0    0    0    
0    0    0    0    0    
0    0    0    0    0    
0    0    0    0    0    
0    0    0    0    0    
0    0    0    0    0    
0    0    0    0    0    
0    0    0    0    0    
0    1    0    0    0    
0    0    0    0    0    
0    0    0    0    0    
0    0    0    0    0    
0    0    0    0    0    
0    0    0    0    0    
0    0    0    0    0    
0    0    0    0    0    
0    0    0    0    0    
0    0    0    0    0    
0    0    0    0    0    
0    0    0    0    0    
0    0    0    0    0    
0    0    0    0    0    
0    0    0    0    0    
0    0    0    0    0    
0    0    0    0    0    
0    0    0    0    0    
0    0    0    0    0    
0    0    0    0    0    
0    0    0    0    0    
0    0    0    0    0    
0    0    0    0    0    
0    0    0    0    0    
0    0    0    0    0    
0    0    0    0    0    
0    0    0    0    0    
0    0    0    0    0    
0    0    0    0    0    
0    0    0    0    0    
0    0    0    0    0    
0    0    0    0    0    
0    0    0    0    0    
0    0    0    0    0    
0    0    0    0    0    
0    0    0    0    0    
0    0    0    0    0    
0    0    0    0    0    
0    0    0    0    0    
0    0    0    0    0    
0    0    0    0    0    
0    0    0    0    0    
0    0    0    0    0    
0    0    0    0    0    
0    0    0    0    0    
0    0    0    0    0    
0    0    0    0    0    
0    0    0    0    0    
0    0    0    0    0    
0    0    0    0    0    
0    0    0    0    0    
0    0    0    0    0    
0    0    0    0    0    
0    0    0    0    0    
0    0    0    0    0    
0    0    0    0    0    
0    0    0    0    0    
0    0    0    0    0    
0    0    0    0    0    
0    0    0    0    0    
0    0    0    0    0    
0    0    0    0    0    
0    0    0    0    0    
0    0    0    0    0    
0    0    0    0    0    
0    0    0    0    0    
0    0    0    0    0    
0    0    0    0    0    
0    0    0    0    0    
0    0    0    0    0    
0    0    0    0    0    
0    0    0    0    0    
0    0    0    0    0    
0    0    0    0    0    
0    0    0    0    0    
0    0    0    0    0    
0    0    0    0    0    
0    0    0    0    0    
0    0    0    0    0    
0    0    0    0    0    
0    0    0    0    0    
0    0    0    0    0    
0    0    0    0    0    
0    0    0    0    0    
0    0    0    0    0    
0    0    0    0    0    
0    0    0    0    0    
0    0    0    0    0    
0    0    0    0    0    
0    0    0    0    0    
0    0    0    0    0    
0    0    0    0    0    
0    0    0    0    0    
0    0    0    0    0    
0    0    0    0    0    
0    0    0    0    0    
0    0    0    0    0    
0    0    0    0    0    
0    0    0    0    0    
0    0    0    0    0    
0    0    0    0    0    
0    0    0    0    0    
0    0    0    0    0    
0    0    0    0    0    
0    0    0    0    0    
0    0    0    0    0    
0    0    0    0    0    
0    0    0    0    0    
0    0    0    0    0    
0    0    0    0    0    
0    0    0    0    0    
0    0    0    0    0    
0    0    0    0    0    
0    0    0    0    0    
0    0    0    0    0    
0    0    0    0    0    
0    0    0    0    0    
0    0    0    0    0    
0    0    0    0    0    
0    0    0    0    0    
0    0    0    0    0    
0    0    0    0    0    
0    0    0    0    0    
0    0    0    0    0    
0    0    0    0    0    
0    0    0    0    0    
0    0    0    0    0    
0    0    0    0    0    
0    0    0    0    0    
0    0    0    0    0    
0    0    0    0    0    
0    0    0    0    0    
0    0    0    0    0    
0    0    0    0    0    
0    0    0    0    0    
0    0    0    0    0    
0    0    0    0    0    
0    0    0    0    0    
0    0    0    0    0    
0    0    0    0    0    
0    0    0    0    0    
0    0    0    0    0    
0    0    0    0    0    
0    0    0    0    0    
0    0    0    0    0    
0    0    0    0    0    
0    0    0    0    0    
0    0    0    0    0    
0    0    0    0    0    
0    0    0    0    0    
0    0    0    0    0    
0    0    0    0    0    
0    0    0    0    0    
0    0    0    0    0    
0    0    0    0    0    
0    0    0    0    0    
0    0    0    0    0    
0    0    0    0    0    
0    0    0    0    0    
0    0    0    0    0    
0    0    0    0    0    
0    0    0    0    0    
0    0    0    0    0    
0    0    0    0    0    
0    0    0    0    0    
0    0    0    0    0    
0    0    0    0    0    
0    0    0    0    0    
0    0    0    0    0    
0    0    0    0    0    
0    0    0    0    0    
0    0    0    0    0    
0    0    0    0    0    
0    0    0    0    0    
0    0    0    0    0    
0    0    0    0    0    
0    0    0    0    0    
0    0    0    0    0    
0    0    0    0    0    
0    0    0    0    0    
0    0    0    0    0    
0    0    0    0    0    
0    0    0    0    0    
0    0    0    0    0    
0    0    0    0    0    
0    0    0    0    0    
0    0    0    0    0    
0    0    0    0    0    
0    0    0    0    0    
0    0    0    0    0    
0    0    0    0    0    
0    0    0    0    0    
0    0    0    0    0    
0    0    0    0    0    
0    0    0    0    0    
0    0    0    0    0    
0    0    0    0    0    
0    0    0    0    0    
0    0    0    0    0    
0    0    0    0    0    
0    0    0    0    0    
0    0    0    0    0    
0    0    0    0    0    
0    0    0    0    0    
0    0    0    0    0    
0    0    0    0    0    
0    0    0    0    0    
0    0    0    0    0    
0    0    0    0    0    
0    0    0    0    0    
0    0    0    0    0    
0    