.DATE:   29/ 3/2022 Time :16:13:30   FILE :am-vaccum-4.txt
ID:\Spectrum ID
Dwell Time :98µs  Sync Pulse :External  Channel Advance :Internal
CHNLS:4096 RT:  832   HWLT:  832   CRLT:  832
0    0    0    0    0    
0    0    0    0    0    
0    0    0    0    0    
0    0    0    0    0    
0    0    0    0    0    
0    0    0    0    0    
0    0    0    0    0    
0    0    0    0    0    
0    0    0    0    0    
0    0    0    0    0    
0    0    0    0    0    
0    0    0    0    0    
0    0    0    0    0    
0    0    0    0    0    
0    0    0    0    0    
0    0    0    0    0    
0    0    0    0    0    
0    0    0    0    0    
0    0    0    0    0    
0    0    0    0    0    
0    0    0    0    0    
0    0    0    0    0    
0    0    0    0    0    
0    0    0    0    0    
0    0    0    0    0    
0    0    0    0    0    
0    0    0    0    0    
0    0    0    0    0    
0    0    0    0    0    
0    0    0    0    0    
0    0    0    0    0    
0    0    0    0    0    
0    0    0    0    0    
0    0    0    0    0    
0    0    0    0    0    
0    0    0    0    1    
0    0    0    0    1    
0    3    1    2    1    
4    4    7    11    14    
31    30    52    101    179    
299    523    751    1166    1471    
1628    1805    1804    1704    1550    
1420    1336    1280    1167    1251    
1228    1189    1239    1165    1143    
1193    1079    1217    1174    1102    
1110    1196    1140    1128    1187    
1148    1091    1126    1107    1109    
1067    1077    1105    1050    1061    
1068    1105    1087    992    1048    
1037    1020    1020    1020    980    
988    960    991    963    950    
879    1016    826    927    900    
818    801    879    802    766    
832    784    829    731    798    
739    771    705    683    674    
719    701    643    599    619    
624    594    601    581    570    
560    553    504    516    487    
472    479    496    439    488    
444    431    467    408    427    
389    394    406    340    349    
334    346    341    335    282    
304    311    313    298    298    
276    269    272    248    273    
253    240    263    258    229    
248    230    214    221    217    
188    206    223    189    178    
179    203    188    184    169    
168    172    158    186    182    
171    182    161    163    173    
131    166    144    148    149    
138    143    145    163    135    
155    148    140    117    160    
129    156    134    126    143    
138    146    144    125    153    
118    132    124    127    131    
130    127    138    131    143    
132    123    131    129    118    
126    131    121    127    130    
128    107    133    146    128    
132    140    142    109    135    
120    137    135    131    135    
139    118    119    157    134    
137    121    134    121    125    
131    150    116    111    135    
142    134    131    129    152    
148    145    130    115    154    
122    138    134    126    143    
140    144    134    134    148    
118    140    123    136    147    
116    137    140    150    119    
135    138    158    149    155    
145    133    135    152    139    
164    144    142    162    151    
148    141    150    127    159    
131    140    138    148    158    
155    141    175    145    143    
142    127    162    148    131    
139    153    160    136    171    
143    176    148    171    165    
173    163    158    150    158    
173    164    158    166    156    
152    192    172    177    168    
183    151    155    188    175    
179    188    162    173    156    
181    163    177    164    155    
169    210    180    211    187    
178    169    176    192    197    
187    172    182    197    208    
191    164    206    181    179    
177    189    194    196    188    
223    195    173    218    194    
190    183    209    208    225    
159    226    208    204    175    
213    204    183    206    198    
195    219    199    206    216    
203    235    199    209    213    
206    194    235    252    204    
201    206    225    201    218    
211    204    202    235    220    
210    228    234    225    238    
233    219    215    231    240    
231    227    248    219    240    
234    256    240    261    221    
243    234    226    226    223    
250    260    237    263    275    
252    242    234    254    241    
231    228    226    231    254    
281    273    234    240    275    
278    262    267    257    251    
266    253    250    300    237    
261    276    268    313    273    
275    294    283    270    283    
281    278    300    249    272    
275    299    320    286    295    
290    266    292    290    282    
314    306    305    267    305    
296    312    294    272    294    
321    285    318    333    289    
291    309    316    283    319    
318    323    309    322    331    
340    316    302    344    349    
327    312    347    338    287    
349    332    323    329    345    
364    337    344    346    376    
307    357    372    365    340    
373    353    335    357    353    
340    362    348    346    390    
356    375    354    395    358    
392    381    395    338    366    
357    374    395    387    392    
387    377    358    398    395    
383    386    409    373    361    
419    411    397    383    414    
438    415    426    406    378    
382    417    430    429    423    
375    403    403    431    460    
447    429    421    416    451    
429    453    432    499    430    
467    456    461    457    440    
448    446    466    459    451    
467    412    499    478    467    
482    483    486    463    437    
434    492    484    488    509    
484    485    489    516    456    
495    496    567    521    532    
484    510    508    522    519    
502    492    527    487    499    
521    522    512    516    535    
522    551    550    556    571    
534    550    592    587    536    
564    558    582    548    551    
565    556    561    580    553    
579    595    605    607    572    
601    591    619    603    582    
611    577    603    613    621    
594    600    653    670    608    
636    627    635    617    617    
663    632    667    641    609    
675    647    665    679    677    
702    632    653    642    697    
695    684    687    691    666    
671    686    700    736    629    
689    685    691    686    738    
724    676    744    749    669    
714    717    745    693    705    
760    762    734    736    735    
787    716    751    805    745    
835    776    758    766    781    
808    786    835    830    791    
776    809    798    834    794    
841    823    799    825    803    
852    807    814    826    810    
848    882    827    809    852    
895    793    874    883    858    
877    907    956    861    882    
834    894    872    917    880    
901    909    939    920    887    
975    927    915    945    932    
985    954    922    937    966    
950    970    938    967    1029    
977    1012    951    979    990    
1014    996    1045    990    995    
1051    991    1090    1069    1112    
1013    1032    1040    1038    1036    
1125    1061    1063    1039    1068    
1057    1059    1137    1125    1127    
1118    1153    1120    1125    1126    
1150    1108    1120    1084    1124    
1155    1202    1207    1145    1161    
1191    1127    1204    1254    1246    
1153    1140    1219    1195    1294    
1266    1216    1193    1285    1286    
1302    1206    1280    1251    1301    
1392    1330    1289    1286    1292    
1283    1335    1390    1343    1346    
1398    1374    1335    1364    1426    
1419    1403    1331    1364    1361    
1420    1433    1420    1504    1411    
1398    1452    1476    1491    1472    
1477    1465    1493    1489    1561    
1605    1467    1593    1540    1552    
1610    1593    1616    1599    1567    
1540    1647    1656    1654    1760    
1543    1668    1679    1600    1741    
1615    1620    1645    1710    1712    
1769    1786    1740    1666    1781    
1730    1792    1729    1801    1837    
1758    1748    1751    1779    1865    
1837    1797    1782    1780    1859    
1935    1882    1911    1889    1958    
1904    1881    2003    1903    1970    
2024    1957    2020    2034    1983    
2027    2051    2004    2104    2030    
2128    2001    2033    2086    2048    
2106    2194    2197    2170    2175    
2232    2156    2274    2202    2152    
2145    2227    2280    2278    2326    
2293    2292    2279    2297    2461    
2386    2438    2443    2402    2341    
2396    2474    2471    2428    2464    
2482    2559    2500    2591    2621    
2488    2596    2617    2569    2676    
2631    2596    2596    2637    2532    
2748    2744    2641    2758    2670    
2668    2767    2807    2716    2912    
2804    2883    2802    2920    2871    
2897    2929    2895    2913    2998    
2947    2943    2968    2974    3035    
2896    3140    3063    2950    3131    
3067    3160    3063    3099    3238    
3118    3200    3216    3110    3325    
3309    3353    3298    3266    3249    
3256    3314    3447    3480    3417    
3490    3485    3534    3384    3413    
3410    3550    3500    3609    3543    
3522    3706    3593    3723    3635    
3581    3804    3735    3677    3788    
3699    3772    3777    3897    3868    
3925    3935    3878    3765    3981    
3846    4057    4054    4057    4028    
4055    4015    3958    4076    4209    
4108    4163    4227    4237    4157    
4073    4253    4217    4398    4234    
4435    4318    4506    4315    4372    
4461    4409    4459    4497    4415    
4402    4603    4402    4630    4599    
4518    4590    4631    4597    4583    
4773    4563    4795    4648    4718    
4702    4809    4653    4744    4841    
4867    4795    4866    4728    4798    
4871    4826    4867    4858    4979    
4908    4854    4811    4914    4979    
4894    4836    5063    4854    4943    
4997    4908    4863    4984    4894    
5001    5062    4860    4919    4813    
4975    4902    4739    4881    4922    
4870    4948    4952    4762    4711    
4912    4660    4671    4818    4758    
4732    4617    4628    4643    4577    
4662    4544    4580    4354    4407    
4331    4436    4411    4276    4344    
4297    4289    4227    4192    4065    
4100    4110    4037    3974    3899    
3781    3858    3783    3700    3803    
3698    3522    3491    3456    3562    
3272    3324    3247    3213    3188    
3110    3036    2890    2919    2880    
2969    2807    2681    2761    2666    
2642    2474    2415    2385    2342    
2241    2208    2271    2145    2128    
2088    1967    1952    1971    1792    
1737    1740    1693    1663    1597    
1603    1526    1453    1450    1326    
1354    1293    1204    1143    1231    
1129    1126    1099    1025    1006    
944    968    883    835    819    
779    801    779    735    748    
713    650    655    663    574    
571    589    563    492    479    
462    463    459    422    419    
389    391    352    359    339    
348    349    312    277    284    
268    300    303    271    248    
242    237    237    206    203    
223    197    194    182    186    
161    168    140    162    143    
157    145    124    135    141    
129    123    115    125    111    
130    113    98    114    105    
104    94    99    95    93    
85    83    89    90    71    
75    67    78    85    76    
62    81    69    61    63    
62    66    66    65    56    
58    58    63    65    69    
54    40    51    48    63    
58    38    44    44    49    
44    43    36    51    43    
41    41    39    41    36    
38    35    33    21    29    
36    36    29    35    41    
19    44    28    30    34    
38    31    30    29    33    
28    34    29    36    36    
20    27    25    28    22    
21    29    29    23    32    
29    32    23    29    24    
25    26    27    22    30    
27    21    26    29    23    
33    33    22    22    19    
16    23    25    16    26    
33    22    14    18    28    
19    29    25    21    22    
21    24    15    17    17    
26    18    21    15    13    
19    25    20    19    26    
24    15    31    16    18    
23    27    23    21    26    
15    24    21    16    16    
20    23    17    19    31    
18    10    15    13    19    
9    20    17    11    20    
17    22    12    11    20    
15    25    15    20    24    
18    18    19    22    16    
18    15    16    21    28    
19    28    17    13    22    
29    25    20    20    15    
15    27    22    15    27    
20    15    18    20    18    
26    22    12    21    16    
15    22    27    27    18    
19    27    20    19    11    
12    26    24    12    15    
23    15    15    22    17    
24    17    15    17    25    
21    18    17    15    20    
20    22    13    23    13    
19    20    25    17    21    
21    17    25    31    15    
15    15    24    14    24    
18    14    14    23    18    
18    27    19    19    16    
13    14    17    19    18    
19    15    17    17    16    
18    20    25    17    15    
14    14    18    22    13    
19    24    19    18    21    
15    16    18    21    21    
22    13    19    18    17    
22    29    16    16    17    
15    15    16    26    19    
19    15    16    17    16    
23    24    22    21    21    
22    9    18    26    19    
19    20    20    17    20    
17    24    14    10    18    
12    16    21    16    12    
17    24    15    19    27    
22    13    24    16    19    
22    17    20    10    17    
15    26    14    20    20    
24    16    22    17    10    
12    17    15    20    15    
14    20    12    16    19    
21    25    12    16    13    
18    18    14    23    16    
22    13    15    24    16    
22    19    21    13    18    
29    21    20    21    20    
22    10    13    23    19    
21    20    22    20    13    
23    18    20    16    18    
20    18    21    19    21    
25    22    20    8    15    
14    21    16    13    21    
19    19    9    16    19    
13    21    30    16    19    
16    24    16    20    24    
17    13    16    17    19    
23    15    18    18    15    
11    15    14    21    15    
27    21    21    21    10    
21    18    20    21    25    
20    14    21    27    19    
20    19    16    18    22    
21    15    14    22    31    
17    16    19    26    18    
19    22    18    25    21    
15    15    12    29    16    
16    22    12    22    16    
31    23    16    19    15    
26    13    15    13    20    
15    15    20    19    23    
12    8    14    27    27    
16    18    19    26    19    
23    20    24    19    20    
15    22    14    14    12    
19    19    15    12    24    
23    22    15    22    13    
20    23    20    20    23    
22    14    23    21    22    
27    19    21    28    17    
19    18    14    23    19    
17    22    11    25    17    
24    22    14    14    16    
15    21    20    13    16    
19    22    16    16    21    
23    29    15    21    20    
22    18    14    23    24    
23    16    29    22    16    
33    17    17    22    24    
20    18    25    23    23    
20    25    16    16    29    
20    19    20    24    29    
14    12    24    22    24    
21    17    22    22    18    
22    19    16    23    16    
22    24    19    20    24    
16    27    24    18    20    
13    15    24    22    20    
16    17    25    18    22    
27    18    18    26    26    
17    14    17    16    18    
28    20    20    20    17    
16    20    16    22    17    
21    18    18    21    22    
16    16    23    19    16    
17    13    15    17    16    
16    22    23    13    18    
24    15    23    30    20    
17    22    21    22    27    
17    18    20    22    24    
21    22    20    20    15    
25    23    19    16    22    
21    21    21    17    21    
13    15    14    19    20    
25    20    27    14    23    
19    15    20    24    17    
20    23    20    21    22    
23    21    18    18    15    
21    16    23    19    17    
18    22    20    16    20    
24    23    18    22    13    
17    25    19    26    22    
19    23    13    29    20    
28    20    12    21    26    
15    31    17    23    21    
19    20    19    20    21    
28    18    24    21    16    
21    18    21    15    16    
23    20    28    22    20    
18    21    25    28    17    
25    20    16    19    18    
20    17    25    16    32    
24    18    26    25    17    
17    12    29    27    23    
29    22    24    23    21    
15    17    17    16    22    
20    16    20    19    25    
21    23    19    16    12    
23    23    18    25    22    
20    25    20    23    13    
26    16    21    16    20    
14    19    17    20    13    
24    19    19    26    18    
20    18    21    19    21    
14    21    20    18    19    
21    21    18    27    19    
17    21    21    13    18    
15    17    23    18    19    
20    31    18    16    16    
19    15    14    17    17    
23    17    18    16    16    
16    18    18    20    23    
21    21    18    16    17    
19    20    13    21    13    
21    22    16    15    19    
23    12    15    15    14    
20    27    23    26    19    
14    19    20    18    21    
20    13    23    16    23    
18    16    20    20    18    
16    27    21    24    23    
23    14    27    23    22    
27    18    20    9    23    
21    24    12    18    21    
21    14    22    19    14    
15    20    13    9    23    
17    18    12    21    15    
14    21    21    15    18    
11    19    17    17    31    
20    18    17    14    20    
20    24    15    22    21    
19    20    24    15    14    
22    21    22    20    17    
8    18    22    22    20    
19    20    15    14    20    
13    20    19    17    17    
25    17    14    18    10    
12    24    19    16    18    
18    16    23    14    14    
13    16    21    11    16    
18    12    25    14    21    
17    22    11    14    16    
18    15    16    21    9    
19    12    17    15    9    
14    18    15    16    15    
17    16    19    22    8    
11    12    13    15    11    
7    19    12    16    15    
15    11    16    10    18    
12    14    13    11    11    
13    18    13    20    17    
11    19    11    9    12    
12    15    14    12    18    
12    22    16    15    18    
21    15    20    8    15    
18    11    19    10    15    
10    8    13    16    14    
20    18    10    11    11    
14    10    15    11    13    
17    12    5    15    17    
15    13    7    11    13    
7    10    12    17    14    
12    4    8    14    9    
11    12    13    11    16    
12    12    8    15    15    
14    10    7    7    8    
9    7    14    12    10    
9    6    8    8    8    
7    9    8    7    12    
7    9    5    11    11    
9    11    6    11    9    
9    12    7    8    4    
5    2    3    7    8    
7    4    8    11    15    
2    5    11    5    8    
6    9    4    4    5    
6    5    4    5    10    
4    2    5    6    2    
4    5    5    4    9    
6    6    3    7    2    
6    2    5    6    9    
4    4    4    3    2    
4    3    2    3    1    
6    5    3    4    2    
4    5    2    0    5    
6    7    2    1    4    
3    1    2    3    5    
1    1    1    4    2    
1    1    2    3    5    
2    3    1    1    1    
2    3    2    0    0    
2    1    2    4    0    
1    1    3    2    3    
3    3    2    4    1    
1    2    1    1    1    
2    1    1    1    2    
0    0    0    0    2    
0    0    0    1    1    
0    0    0    1    0    
0    1    2    0    0    
1    0    0    0    1    
0    2    0    0    0    
0    0    1    2    1    
0    0    1    0    2    
0    1    1    2    0    
0    0    0    0    0    
0    0    0    0    0    
0    2    0    0    2    
0    0    0    1    0    
0    0    1    1    0    
0    0    0    0    0    
0    1    2    0    1    
0    0    1    1    0    
0    0    0    0    0    
0    0    1    0    1    
0    0    0    0    0    
0    0    0    0    0    
0    1    0    0    1    
0    0    0    0    0    
0    0    0    1    0    
1    0    0    0    1    
1    0    1    0    0    
0    0    0    0    0    
0    0    0    0    0    
0    0    1    0    0    
1    0    0    2    0    
0    0    1    0    1    
0    0    0    0    0    
0    0    0    0    0    
0    1    0    0    1    
0    0    0    0    0    
1    0    1    0    1    
0    2    0    0    0    
0    0    0    0    0    
1    1    0    0    0    
1    0    0    0    1    
1    0    0    0    0    
0    0    0    0    0    
0    0    0    0    0    
0    0    1    1    0    
0    0    0    1    0    
0    0    0    0    0    
0    0    0    0    0    
0    0    0    0    0    
0    0    0    1    0    
0    0    0    0    0    
0    0    0    0    0    
0    0    0    0    0    
0    0    0    0    0    
0    0    0    0    1    
0    0    1    1    0    
0    0    0    0    0    
1    0    0    0    0    
0    0    0    1    0    
1    0    0    0    0    
0    0    0    0    0    
0    0    0    0    0    
0    0    1    0    0    
0    0    1    0    2    
0    0    0    0    0    
0    1    1    0    0    
1    0    1    0    0    
0    0    1    0    0    
2    1    0    0    2    
0    1    0    0    0    
0    0    0    0    0    
1    0    0    0    0    
0    0    0    0    0    
1    0    0    1    0    
0    0    0    0    0    
0    0    0    0    0    
0    0    0    1    0    
0    0    0    1    0    
0    1    0    0    0    
1    1    0    0    0    
0    0    0    1    1    
0    0    0    0    0    
0    0    0    0    1    
0    1    0    0    0    
1    0    0    0    0    
1    1    0    0    2    
1    0    1    1    0    
0    0    0    0    3    
0    2    0    1    0    
0    0    0    0    0    
0    0    0    0    0    
2    0    0    0    0    
1    1    0    0    1    
1    0    0    1    0    
0    0    1    0    0    
1    0    1    0    0    
1    0    0    1    2    
1    3    0    0    1    
2    1    2    0    3    
1    1    1    0    1    
0    1    0    1    1    
0    0    1    0    2    
1    0    2    0    0    
0    1    1    0    1    
0    0    0    1    0    
0    0    0    0    0    
0    0    0    0    0    
0    0    0    0    0    
0    0    0    0    0    
0    1    0    0    0    
0    1    0    0    0    
1    0    0    0    0    
0    0    1    0    0    
0    0    0    0    0    
0    0    0    0    0    
0    0    0    0    0    
0    0    0    0    0    
0    0    0    0    0    
0    0    0    0    0    
0    0    0    0    0    
0    0    0    0    0    
0    0    0    0    0    
0    0    0    0    0    
0    0    0    0    0    
0    0    0    0    0    
0    0    0    0    0    
0    0    0    0    0    
0    0    0    0    0    
0    0    0    0    0    
0    0    0    0    0    
0    0    0    0    0    
0    0    0    0    0    
0    0    0    0    0    
0    0    0    0    0    
0    0    0    0    0    
0    0    0    0    0    
0    0    0    0    0    
0    0    0    0    0    
0    0    0    0    0    
0    0    0    0    0    
0    0    0    0    0    
0    0    0    0    0    
0    0    0    0    0    
0    0    0    0    0    
0    0    0    0    0    
0    0    0    0    0    
0    0    0    0    0    
0    0    0    0    0    
0    0    0    0    0    
0    0    0    0    0    
0    0    0    0    0    
0    0    0    0    0    
0    0    0    0    0    
0    0    0    0    0    
0    0    0    0    0    
0    0    0    0    0    
0    0    0    0    0    
0    0    0    0    0    
0    0    0    0    0    
0    0    0    0    0    
0    0    0    0    0    
0    0    0    0    0    
0    0    0    0    0    
0    0    0    0    0    
0    0    0    0    0    
0    0    0    0    0    
0    0    0    0    0    
0    0    0    0    0    
0    0    0    0    0    
0    0    0    0    0    
0    0    0    0    0    
0    0    0    0    0    
0    0    0    0    0    
0    0    0    0    0    
0    0    0    0    0    
0    0    0    0    0    
0    0    0    0    0    
0    0    0    0    0    
0    0    0    0    0    
0    0    0    0    0    
0    0    0    0    0    
0    0    0    0    0    
0    0    0    0    0    
0    0    0    0    0    
0    0    0    0    0    
0    0    0    0    0    
0    0    0    0    0    
0    0    0    0    0    
0    0    0    0    0    
0    0    0    0    0    
0    0    0    0    0    
0    0    0    0    0    
0    0    0    0    0    
0    0    0    0    0    
0    0    0    0    0    
0    0    0    0    0    
0    0    0    0    0    
0    0    0    0    0    
0    0    0    0    0    
0    0    0    0    0    
0    0    0    0    0    
0    0    0    0    0    
0    0    0    0    0    
0    0    0    0    0    
0    0    0    0    0    
0    0    0    0    0    
0    0    0    0    0    
0    0    0    0    0    
0    0    0    0    0    
0    0    0    0    0    
0    0    0    0    0    
0    0    0    0    0    
0    0    0    0    0    
0    0    0    0    0    
0    0    0    0    0    
0    0    0    0    0    
0    0    0    0    0    
0    0    0    0    0    
0    0    0    0    0    
0    0    0    0    0    
0    0    0    0    0    
0    0    0    0    0    
0    0    0    0    0    
0    0    0    0    0    
0    0    0    0    0    
0    0    0    0    0    
0    0    0    0    0    
0    0    0    0    0    
0    0    0    0    0    
0    0    0    0    0    
0    0    0    0    0    
0    0    0    0    0    
0    0    0    0    0    
0    0    0    0    0    
0    0    0    0    0    
0    0    0    0    0    
0    0    0    0    0    
0    0    0    0    0    
0    0    0    0    0    
0    0    0    0    0    
0    