.DATE:   31/ 3/2022 Time :15:13:35   FILE :am-vaccum-4.bny.txt
ID:\Spectrum ID
Dwell Time :98µs  Sync Pulse :External  Channel Advance :Internal
CHNLS:4096 RT: 1000   HWLT: 1000   CRLT: 1000
0    0    0    0    0    
0    0    0    0    0    
0    0    0    0    0    
0    0    0    0    0    
0    0    0    0    0    
0    0    0    0    0    
0    0    0    0    0    
0    0    0    0    0    
0    0    0    0    0    
0    0    0    0    0    
0    0    0    0    0    
0    0    0    0    0    
0    0    0    0    0    
0    0    0    0    0    
0    0    0    0    0    
1    0    0    0    0    
0    0    0    0    0    
0    0    0    0    0    
0    0    0    0    0    
1    2    1    0    3    
6    3    4    13    19    
41    87    190    355    579    
948    1543    2250    2986    3883    
4956    5766    6871    7482    7684    
7731    7289    6647    5768    5057    
4406    3899    3441    3281    2994    
2777    2565    2512    2401    2318    
2212    2087    1831    1835    1755    
1627    1585    1437    1311    1307    
1251    1161    1071    1104    1026    
959    925    942    1048    1268    
1503    1850    2138    2436    2571    
2560    2252    1993    1686    1552    
1315    1207    1036    1028    977    
861    842    786    763    671    
726    603    595    592    511    
488    495    440    396    392    
382    374    339    307    301    
298    263    230    230    211    
225    203    185    156    160    
153    156    128    132    136    
123    113    108    111    101    
99    95    110    108    84    
66    68    92    82    72    
90    54    73    58    70    
76    52    53    52    50    
53    53    50    45    50    
54    52    51    43    45    
33    47    54    47    38    
53    44    45    38    43    
40    52    45    44    27    
29    29    39    38    42    
36    31    35    43    38    
31    34    49    29    31    
38    37    38    31    36    
36    35    27    30    45    
34    21    26    28    32    
39    43    35    46    35    
41    42    36    40    29    
41    44    34    35    35    
39    41    26    33    26    
37    36    34    29    33    
33    39    43    40    42    
32    31    37    40    40    
39    35    37    21    44    
43    47    34    32    51    
49    42    32    29    41    
36    53    47    33    42    
35    33    37    40    41    
43    31    47    31    44    
45    34    40    69    46    
35    33    47    43    47    
29    31    45    51    49    
47    42    29    36    37    
41    47    43    40    40    
41    51    52    50    44    
35    44    36    49    49    
51    48    38    49    36    
46    44    42    44    49    
45    56    49    47    55    
46    52    45    43    45    
48    48    50    55    69    
44    44    49    43    60    
52    48    40    62    61    
31    56    50    56    46    
43    52    36    37    65    
50    51    44    37    37    
48    52    49    55    57    
51    53    56    45    45    
43    60    48    44    58    
45    47    59    44    47    
56    40    44    57    64    
39    42    52    47    58    
58    46    68    47    46    
53    40    53    40    60    
55    50    65    56    56    
46    48    46    59    57    
50    48    60    57    49    
53    62    45    55    45    
52    48    52    51    55    
53    55    46    50    57    
53    42    47    56    62    
55    55    55    43    52    
54    71    67    65    65    
61    65    65    53    69    
56    58    63    79    69    
64    60    63    55    61    
63    52    45    48    68    
56    70    61    63    60    
72    63    73    84    61    
42    57    44    69    51    
64    72    44    55    66    
78    64    58    63    62    
63    73    61    60    61    
74    67    69    57    61    
55    55    70    70    69    
67    54    66    67    71    
51    85    55    65    58    
64    59    45    63    64    
82    68    64    63    62    
72    60    66    86    65    
77    81    61    80    79    
57    65    54    78    84    
65    69    65    67    66    
68    57    63    68    61    
77    74    66    66    76    
57    67    82    73    78    
73    73    73    71    67    
65    85    65    88    91    
62    85    76    77    71    
79    61    77    76    83    
84    60    76    72    86    
89    83    87    87    68    
78    70    89    84    84    
79    93    71    76    92    
74    91    79    85    104    
77    81    82    75    92    
85    88    90    80    78    
75    97    75    88    79    
87    73    89    78    82    
86    90    88    79    93    
77    79    92    75    97    
97    81    85    83    97    
96    98    83    94    95    
97    107    96    93    85    
93    86    104    101    85    
107    89    95    88    107    
96    92    106    99    110    
91    107    110    88    104    
120    97    106    105    99    
108    102    112    99    125    
90    100    103    118    103    
117    104    91    93    104    
108    115    106    112    116    
111    105    115    96    124    
122    121    93    97    92    
117    107    94    122    118    
120    121    124    117    113    
125    137    107    125    103    
121    133    118    130    127    
121    108    124    112    112    
120    151    119    140    125    
119    132    122    125    138    
130    124    141    122    126    
110    131    123    140    139    
137    117    144    119    115    
141    116    143    130    143    
142    144    128    136    133    
130    139    135    119    144    
146    159    146    157    144    
148    147    150    127    135    
161    171    149    143    151    
156    170    168    153    141    
153    158    133    150    168    
152    157    164    151    169    
157    137    163    172    166    
168    173    176    176    179    
171    170    159    180    178    
158    166    187    172    164    
171    172    198    210    184    
188    195    194    183    187    
191    196    187    187    205    
194    195    192    213    197    
200    220    211    221    219    
200    187    208    186    213    
224    200    256    237    255    
212    212    238    257    227    
232    244    248    249    256    
265    265    276    231    273    
221    242    268    262    229    
272    257    287    290    279    
270    319    299    279    276    
312    298    290    285    286    
305    307    320    314    365    
313    316    330    346    349    
323    328    334    329    341    
350    375    361    390    378    
381    371    382    350    406    
398    395    409    369    402    
417    416    439    417    444    
429    463    402    442    486    
435    472    448    474    496    
496    478    486    486    505    
511    488    519    532    522    
537    538    511    531    489    
503    551    534    535    558    
560    537    575    581    536    
591    577    561    580    548    
573    574    571    583    565    
551    584    557    608    571    
586    626    608    589    544    
586    606    577    637    641    
600    598    588    603    613    
624    541    594    622    595    
625    567    584    630    583    
589    597    634    614    616    
628    589    527    617    549    
587    541    593    622    581    
599    629    600    537    601    
570    567    552    598    528    
564    601    604    559    566    
597    559    563    562    568    
547    594    589    604    551    
520    638    580    581    565    
545    613    572    586    590    
520    559    555    544    540    
527    578    599    533    545    
565    550    584    559    519    
578    556    570    587    588    
569    541    562    529    569    
531    570    579    587    552    
584    547    563    549    614    
560    572    575    538    612    
559    548    538    571    591    
550    565    623    609    617    
578    589    558    540    578    
560    596    579    610    563    
625    574    625    559    581    
567    588    567    569    588    
585    597    571    592    634    
605    594    621    590    589    
610    648    595    625    611    
614    642    628    622    585    
623    600    645    620    651    
655    653    641    628    652    
637    632    619    626    620    
631    609    646    626    592    
623    588    637    623    625    
694    659    632    658    654    
673    653    677    622    644    
660    626    691    654    635    
643    675    625    671    687    
682    671    681    716    688    
704    705    660    639    646    
712    655    729    667    751    
748    742    677    698    666    
698    759    756    758    703    
745    748    703    740    759    
756    745    707    765    764    
724    738    807    824    807    
794    773    759    814    763    
777    776    736    779    852    
788    777    793    837    807    
748    825    806    817    858    
838    810    888    781    838    
821    860    916    894    889    
828    911    837    885    887    
879    880    895    908    879    
969    913    951    941    886    
917    942    929    883    942    
917    977    935    962    990    
989    955    997    927    951    
950    1009    1010    978    965    
1072    1025    953    993    997    
1050    996    1034    1033    1001    
1045    1035    1070    1012    1070    
1014    1039    1119    1106    1095    
1109    1060    1072    1173    1109    
1098    1096    1151    1084    1128    
1132    1141    1116    1130    1134    
1184    1129    1175    1194    1205    
1187    1252    1194    1237    1268    
1225    1190    1303    1221    1311    
1269    1243    1245    1233    1258    
1372    1286    1329    1406    1340    
1331    1316    1344    1370    1322    
1355    1357    1398    1412    1399    
1407    1451    1415    1356    1440    
1441    1451    1433    1496    1522    
1473    1454    1462    1474    1500    
1534    1517    1533    1527    1544    
1696    1519    1530    1541    1571    
1599    1608    1666    1567    1618    
1640    1580    1663    1722    1749    
1720    1664    1741    1735    1765    
1730    1751    1740    1827    1806    
1764    1718    1775    1857    1839    
1893    1877    1876    1956    1960    
1950    1949    1902    2017    2017    
1954    1962    2074    2051    2113    
2127    2141    2067    1986    2076    
2151    2146    2195    2137    2276    
2274    2200    2218    2352    2293    
2286    2377    2334    2336    2375    
2375    2476    2344    2463    2428    
2455    2514    2456    2523    2575    
2636    2622    2599    2593    2699    
2714    2710    2698    2779    2721    
2807    2803    2757    3023    2854    
3001    2914    3012    3027    3133    
3048    3154    3131    3142    3278    
3173    3211    3191    3180    3287    
3330    3325    3391    3381    3414    
3414    3561    3537    3659    3652    
3733    3661    3703    3926    3786    
3856    3939    3872    4024    3970    
4097    4168    4121    4238    4213    
4324    4278    4509    4491    4365    
4562    4700    4690    4663    4779    
4865    4971    5022    5115    5232    
5292    5305    5371    5471    5566    
5647    5617    5705    5608    5891    
6110    6025    6193    6226    6283    
6527    6481    6578    6725    6723    
6944    7086    7227    7278    7237    
7392    7732    7613    8084    8029    
8116    8350    8274    8562    8694    
8940    9152    9221    9379    9644    
9664    9890    9969    10097    10413    
10578    10662    11207    11080    11201    
11451    11900    11734    12265    12260    
12615    12744    13331    13352    13525    
13561    14068    14157    14611    14581    
14683    15309    15385    15662    15922    
16111    16332    16798    17022    17348    
17535    17816    18080    18505    18839    
18948    19351    19678    19658    19949    
20418    20327    20646    20939    21248    
21457    21973    21958    22151    22347    
22637    23077    23260    23679    23619    
23960    24187    24282    24393    24590    
24709    24972    24783    25327    25343    
25233    25582    25700    25817    25412    
25483    25474    25510    25488    25696    
25897    25647    25301    25455    25123    
25252    24891    24897    24868    24469    
23977    24317    24007    23663    23523    
23117    22647    22442    22386    21575    
21464    21178    20680    20282    19991    
19643    19229    18623    18495    17920    
17524    16842    16624    16398    15868    
15183    14863    14303    13748    13525    
13170    12753    12286    11815    11280    
11036    10504    10049    9772    9266    
9141    8562    8276    7924    7450    
7136    6902    6396    6312    5958    
5645    5404    5192    4818    4673    
4376    4073    3831    3586    3402    
3344    3066    2953    2727    2640    
2480    2297    2152    2032    1920    
1804    1754    1605    1582    1392    
1300    1272    1128    1118    1036    
999    895    821    808    758    
705    674    633    541    552    
530    459    471    409    382    
408    358    304    309    285    
217    257    235    229    184    
195    178    163    157    171    
152    130    144    106    99    
102    113    99    81    77    
83    80    69    70    54    
53    56    64    56    67    
56    38    42    40    34    
39    41    34    28    32    
25    28    22    35    23    
26    28    32    39    23    
16    26    27    27    16    
20    20    12    19    21    
24    18    20    13    17    
18    26    9    21    17    
19    26    11    15    14    
24    13    16    15    19    
22    19    17    18    21    
16    20    11    22    12    
16    22    11    17    20    
10    22    15    15    19    
20    24    23    22    14    
19    21    26    20    24    
27    20    21    21    14    
18    27    16    21    31    
24    19    21    21    19    
22    24    26    25    25    
24    21    16    20    16    
21    33    21    26    25    
23    26    28    21    23    
13    29    24    30    35    
24    30    30    20    25    
30    29    34    18    20    
21    29    26    36    25    
28    28    25    26    34    
27    24    32    29    27    
26    37    43    28    42    
41    34    32    44    41    
38    39    39    46    37    
40    39    38    43    37    
39    35    41    36    47    
40    34    37    27    35    
45    41    39    46    30    
54    46    40    40    43    
39    45    37    47    45    
45    53    55    40    50    
49    50    59    59    43    
42    58    57    44    53    
66    56    56    58    34    
54    58    46    59    62    
67    49    49    60    74    
54    52    64    61    50    
50    51    65    63    45    
69    60    69    61    65    
59    68    55    56    49    
45    53    39    54    50    
59    53    54    78    51    
60    69    60    69    58    
55    60    68    57    52    
64    48    64    63    63    
55    61    70    58    60    
58    52    70    56    55    
66    57    50    49    52    
64    56    67    62    65    
45    57    54    51    44    
80    60    55    53    56    
52    51    52    65    53    
49    55    39    55    50    
43    59    54    58    64    
74    69    26    54    68    
61    61    55    68    59    
59    59    54    71    65    
52    62    51    54    64    
66    59    54    56    61    
61    66    58    54    68    
54    67    51    53    73    
55    57    58    49    50    
67    73    64    60    44    
58    67    83    51    59    
65    63    60    66    44    
44    51    60    59    61    
53    57    70    44    58    
58    55    61    51    60    
60    52    63    69    48    
67    59    53    40    53    
56    66    58    57    66    
72    54    80    66    68    
64    64    62    56    45    
67    53    69    69    68    
54    58    61    61    46    
61    57    70    41    58    
70    75    46    64    58    
64    69    68    52    57    
61    59    62    51    43    
65    65    65    67    67    
63    47    66    56    63    
75    51    61    55    60    
52    64    55    55    53    
50    67    53    64    52    
53    53    66    65    48    
57    39    64    68    57    
67    67    45    61    63    
48    69    51    74    69    
56    54    64    46    44    
64    54    42    68    60    
77    64    50    52    46    
49    71    61    61    78    
72    64    62    62    58    
64    49    70    66    59    
56    55    55    73    64    
52    62    64    65    63    
69    70    72    59    61    
61    49    64    41    61    
54    61    57    67    57    
53    56    61    58    68    
61    58    62    54    53    
57    64    61    61    54    
57    59    62    60    57    
72    63    62    57    55    
66    59    49    60    63    
59    66    63    71    58    
68    46    55    72    62    
54    60    62    65    56    
68    47    50    62    58    
70    49    54    52    61    
68    63    65    67    60    
58    45    66    58    70    
50    59    51    69    63    
66    63    55    61    51    
49    62    57    65    63    
70    55    61    62    70    
62    56    69    56    65    
62    56    68    50    59    
57    57    58    67    74    
72    69    76    65    48    
63    57    58    60    60    
71    80    70    63    65    
67    62    49    59    34    
70    58    67    58    57    
67    65    61    64    56    
56    68    69    45    57    
68    71    73    60    63    
54    61    68    68    70    
46    68    66    71    52    
52    67    61    69    72    
55    53    52    75    69    
63    66    88    75    76    
76    76    71    66    57    
56    61    54    58    57    
61    68    80    76    68    
66    57    67    72    78    
57    70    70    53    60    
57    66    72    63    66    
59    61    68    64    74    
61    70    75    63    78    
60    56    72    53    66    
70    56    63    70    53    
61    64    71    53    76    
75    72    50    70    57    
56    69    71    72    66    
75    57    73    49    82    
71    76    45    52    89    
69    56    50    71    61    
53    64    58    71    67    
64    66    51    54    55    
69    63    62    66    70    
52    77    63    61    72    
63    60    73    77    75    
69    64    57    64    62    
66    72    55    79    62    
79    60    59    63    45    
64    56    67    66    76    
69    77    68    61    68    
73    77    78    73    74    
61    60    59    60    74    
62    82    69    68    92    
63    70    61    61    70    
62    69    77    74    93    
74    77    63    63    64    
64    72    62    59    63    
56    59    63    73    74    
66    66    63    68    84    
57    63    71    85    53    
76    62    64    75    61    
63    70    55    73    65    
64    75    80    71    51    
75    70    64    73    57    
68    76    70    72    75    
76    64    74    70    75    
71    79    85    58    76    
58    87    92    55    59    
50    61    80    79    59    
77    63    67    59    61    
80    84    65    80    79    
74    86    60    64    51    
87    75    82    79    78    
73    72    75    71    61    
65    82    69    73    61    
74    76    73    81    72    
60    74    61    72    58    
71    75    66    62    83    
78    72    87    65    78    
60    73    69    59    72    
75    79    76    76    75    
56    68    77    61    74    
75    80    62    71    79    
75    78    70    76    85    
85    57    69    94    74    
74    89    74    75    74    
68    64    81    77    102    
82    75    74    63    72    
87    82    65    67    59    
77    83    82    73    87    
69    77    90    68    76    
65    73    78    74    76    
80    73    56    83    82    
93    78    87    67    66    
75    75    72    71    67    
107    74    68    72    75    
83    75    71    91    71    
69    78    79    76    62    
77    85    79    68    83    
76    83    83    79    91    
87    81    82    82    72    
57    71    89    85    69    
62    66    81    81    77    
76    95    77    70    87    
79    94    86    88    61    
86    67    77    84    75    
73    58    79    81    85    
73    76    76    78    81    
92    75    82    82    88    
86    85    88    89    65    
101    73    73    66    95    
67    85    82    82    76    
78    84    79    73    75    
82    74    76    92    59    
71    75    89    72    98    
79    81    74    80    73    
74    89    80    89    88    
80    79    80    74    67    
84    89    69    74    92    
101    84    102    61    84    
80    87    93    84    99    
84    81    77    82    64    
86    76    89    82    84    
70    84    87    95    78    
71    89    77    85    80    
89    99    89    97    92    
78    99    90    66    103    
84    81    66    89    85    
83    90    89    88    88    
94    74    90    90    87    
69    87    79    81    84    
84    93    86    96    96    
94    74    93    90    99    
78    97    93    100    85    
94    100    88    77    70    
94    98    83    101    84    
104    91    101    110    91    
87    103    106    89    86    
96    99    75    79    99    
76    88    92    100    93    
89    83    75    96    88    
93    82    91    115    99    
94    95    95    101    96    
96    89    112    94    98    
107    97    99    109    91    
92    107    100    89    83    
93    97    118    114    121    
93    94    99    107    96    
95    94    102    112    106    
95    85    99    116    104    
98    112    128    102    97    
117    105    117    113    99    
105    125    103    119    110    
92    109    102    112    103    
86    131    110    110    115    
128    110    116    128    141    
139    107    121    137    130    
150    133    125    149    144    
133    135    145    133    156    
134    151    150    148    139    
145    154    177    144    153    
166    152    158    174    179    
194    180    164    157    166    
178    172    185    209    190    
198    198    216    175    188    
199    199    218    193    206    
217    210    180    187    213    
195    217    213    200    189    
198    203    239    222    180    
185    192    217    222    179    
220    175    192    202    167    
194    215    195    179    195    
201    196    196    216    200    
198    215    207    187    207    
200    189    197    224    211    
206    204    207    218    207    
237    240    234    249    277    
230    240    235    246    230    
256    252    255    252    252    
250    254    218    276    247    
240    249    228    241    210    
248    247    230    210    203    
205    170    160    151    141    
133    128    100    119    80    
68    67    50    38    27    
35    21    23    20    25    
14    17    11    13    18    
19    11    16    17    11    
16    21    13    24    12    
16    14    11    19    18    
17    15    26    16    16    
8    12    20    14    11    
16    18    17    12    17    
12    16    16    18    13    
8    13    13    17    19    
20    28    19    18    20    
18    9    19    17    10    
10    11    17    12    18    
16    19    23    17    16    
19    18    13    26    12    
25    22    14    18    7    
12    13    18    17    12    
16    14    9    13    14    
9    11    16    12    9    
16    11    5    15    6    
7    7    15    4    8    
8    6    3    2    5    
2    2    6    4    1    
1    0    0    0    0    
1    0    0    0    1    
0    0    0    0    0    
0    1    0    0    0    
1    0    0    0    0    
0    0    0    0    0    
0    0    0    0    1    
0    0    0    0    0    
0    0    0    0    0    
0    0    1    0    0    
0    0    0    0    0    
0    0    0    0    0    
0    0    0    0    0    
0    0    0    0    0    
0    0    0    0    0    
0    0    0    0    0    
0    0    0    0    0    
0    0    0    0    0    
0    0    0    0    0    
0    0    0    0    0    
0    0    0    0    0    
0    0    0    0    0    
0    0    0    0    0    
0    0    0    0    0    
0    0    0    0    0    
0    0    0    0    0    
0    0    0    0    0    
0    0    0    0    0    
0    0    0    0    0    
0    0    0    0    0    
0    0    0    0    0    
0    0    0    0    0    
0    0    0    0    0    
0    0    0    0    0    
0    0    0    0    0    
0    0    0    0    0    
0    0    0    0    0    
0    0    0    0    0    
0    0    0    0    0    
0    0    0    0    0    
0    0    0    0    0    
0    0    0    0    0    
0    0    0    0    0    
0    0    0    0    0    
0    0    0    0    0    
0    0    0    0    0    
0    0    0    0    0    
0    0    0    0    0    
0    0    0    0    0    
0    0    0    0    0    
0    0    0    0    0    
0    0    0    0    0    
0    0    0    0    0    
0    0    0    0    0    
0    0    0    0    0    
0    0    0    0    0    
0    0    0    0    0    
0    0    0    0    0    
0    0    0    0    0    
0    0    0    0    0    
0    0    0    0    0    
0    0    0    0    0    
0    0    0    0    0    
0    0    0    0    0    
0    0    0    0    0    
0    0    0    0    0    
0    0    0    0    0    
0    0    0    0    0    
0    0    0    0    0    
0    0    0    0    0    
0    0    0    0    0    
0    0    0    0    0    
0    0    0    0    0    
0    0    0    0    0    
0    0    0    0    0    
0    0    0    0    0    
0    0    0    0    0    
0    0    0    0    0    
0    0    0    0    0    
0    0    0    0    0    
0    0    0    0    0    
0    0    0    0    0    
0    0    0    0    0    
0    0    0    0    0    
0    0    0    0    0    
0    0    0    0    0    
0    0    0    0    0    
0    0    0    0    0    
0    0    0    0    0    
0    0    0    0    0    
0    0    0    0    0    
0    0    0    0    0    
0    0    0    0    0    
0    0    0    0    0    
0    0    0    0    0    
0    0    0    0    0    
0    0    0    0    0    
0    0    0    0    0    
0    0    0    0    0    
0    0    0    0    0    
0    0    0    0    0    
0    0    0    0    0    
0    0    0    0    0    
0    0    0    0    0    
0    0    0    0    0    
0    0    0    0    0    
0    0    0    0    0    
0    0    0    0    0    
0    0    0    0    0    
0    0    0    0    0    
0    0    0    0    0    
0    0    0    0    0    
0    0    0    0    0    
0    0    0    0    0    
0    0    0    0    0    
0    0    0    0    0    
0    0    0    0    0    
0    0    0    0    0    
0    0    0    0    0    
0    0    0    0    0    
0    0    0    0    0    
0    0    0    0    0    
0    0    0    0    0    
0    