.DATE:   30/ 3/2022 Time :16:20:43   FILE :am241 14mm vaccum 30 march.txt
ID:\Spectrum ID
Dwell Time :98µs  Sync Pulse :External  Channel Advance :Internal
CHNLS:4096 RT: 1000   HWLT: 1000   CRLT: 1000
0    0    0    0    0    
0    0    0    0    0    
0    0    0    0    0    
0    0    0    0    0    
0    0    0    0    0    
0    0    0    0    0    
0    0    0    0    0    
0    0    0    0    0    
0    0    0    0    0    
0    0    0    0    0    
0    0    0    0    0    
0    0    0    0    0    
0    0    0    0    0    
0    0    0    0    0    
0    0    0    0    0    
0    0    0    0    0    
0    0    0    0    0    
0    0    0    0    0    
0    0    0    0    0    
0    0    0    0    0    
0    0    0    0    0    
0    0    0    0    0    
0    0    0    0    0    
0    0    0    0    0    
0    0    0    0    0    
0    0    0    0    0    
0    0    0    0    0    
0    0    0    0    0    
0    0    0    0    0    
0    0    0    0    0    
0    0    0    0    0    
0    0    0    0    0    
0    0    0    0    0    
0    0    0    0    0    
0    0    0    0    0    
0    0    0    0    0    
0    0    0    0    0    
1    1    1    0    0    
0    0    2    1    2    
2    4    10    20    32    
74    89    126    190    261    
431    569    784    1321    1496    
1818    1996    2099    1973    1894    
1648    1602    1496    1467    1348    
1296    1300    1317    1271    1312    
1242    1301    1279    1291    1275    
1266    1243    1159    1214    1210    
1183    1208    1188    1198    1127    
1122    1157    1138    1138    1121    
1096    1120    1111    1114    1120    
1077    1082    1119    1115    1118    
1134    1165    1054    1071    1116    
1162    1089    1107    1123    1079    
1151    1081    1050    1086    1096    
1119    1060    1066    1058    1115    
1054    1095    1086    1086    1078    
1022    1009    1057    1067    995    
1066    1018    1065    1111    1066    
1013    1054    1081    1058    1028    
1052    1054    1049    1061    1067    
1103    1097    1082    1091    1118    
1102    1050    1090    1067    1109    
1028    1078    1037    1121    1108    
1108    1048    1085    1052    1084    
1114    1074    1095    1067    1098    
1118    1054    1125    1066    1043    
1126    1075    1086    1134    1061    
1074    1142    1095    1071    1102    
1154    1119    1088    1085    1178    
1114    1089    1097    1111    1149    
1132    1156    1093    1049    1143    
1110    1136    1170    1162    1104    
1157    1168    1124    1146    1142    
1149    1151    1111    1181    1203    
1182    1209    1160    1139    1154    
1184    1143    1190    1164    1183    
1182    1140    1188    1161    1240    
1304    1206    1215    1141    1233    
1174    1184    1251    1188    1155    
1230    1264    1228    1172    1225    
1243    1291    1190    1232    1186    
1271    1174    1202    1213    1222    
1302    1277    1224    1274    1227    
1236    1345    1298    1303    1237    
1293    1313    1211    1279    1257    
1270    1278    1249    1290    1257    
1172    1334    1293    1344    1330    
1280    1246    1336    1288    1298    
1328    1344    1268    1239    1335    
1304    1341    1292    1302    1315    
1349    1370    1331    1305    1299    
1334    1359    1338    1338    1311    
1373    1365    1353    1315    1369    
1388    1389    1413    1378    1377    
1412    1383    1384    1425    1417    
1472    1451    1421    1413    1385    
1419    1371    1480    1454    1393    
1337    1419    1469    1382    1401    
1429    1420    1430    1380    1404    
1449    1394    1390    1478    1435    
1495    1485    1466    1504    1434    
1387    1491    1490    1530    1428    
1498    1477    1475    1468    1510    
1512    1529    1470    1496    1473    
1464    1531    1525    1566    1542    
1549    1495    1558    1522    1490    
1513    1380    1539    1579    1473    
1501    1631    1550    1584    1540    
1586    1577    1480    1492    1578    
1481    1550    1533    1563    1512    
1547    1650    1514    1611    1566    
1552    1559    1624    1553    1557    
1578    1574    1619    1644    1662    
1569    1635    1598    1603    1622    
1647    1597    1611    1603    1609    
1636    1577    1566    1577    1710    
1639    1660    1668    1607    1564    
1659    1596    1639    1677    1687    
1610    1700    1686    1646    1683    
1540    1621    1680    1618    1675    
1620    1606    1684    1617    1701    
1642    1618    1741    1704    1632    
1594    1638    1676    1620    1688    
1698    1695    1664    1676    1727    
1701    1690    1751    1646    1735    
1699    1651    1607    1691    1657    
1750    1740    1709    1751    1717    
1742    1759    1729    1680    1703    
1666    1747    1746    1616    1659    
1693    1744    1691    1640    1730    
1807    1722    1755    1805    1752    
1715    1724    1706    1745    1782    
1737    1791    1776    1738    1683    
1681    1745    1730    1789    1748    
1719    1735    1746    1680    1776    
1773    1741    1744    1762    1818    
1726    1777    1709    1768    1685    
1723    1758    1758    1803    1788    
1722    1825    1787    1861    1731    
1764    1785    1824    1894    1759    
1770    1781    1735    1792    1795    
1754    1756    1787    1695    1757    
1755    1779    1758    1877    1772    
1838    1729    1842    1822    1718    
1819    1818    1838    1769    1831    
1794    1817    1777    1780    1753    
1833    1763    1824    1834    1832    
1809    1849    1821    1845    1788    
1820    1781    1867    1817    1829    
1822    1813    1763    1795    1841    
1748    1824    1818    1787    1711    
1813    1789    1791    1777    1741    
1733    1816    1794    1730    1731    
1772    1749    1791    1832    1807    
1755    1747    1776    1761    1739    
1726    1739    1733    1801    1716    
1780    1701    1760    1751    1743    
1742    1728    1743    1808    1739    
1811    1608    1696    1759    1726    
1755    1668    1814    1719    1688    
1665    1700    1683    1727    1681    
1645    1648    1664    1660    1578    
1626    1619    1603    1664    1630    
1588    1573    1644    1644    1619    
1598    1542    1533    1497    1554    
1529    1499    1541    1553    1550    
1489    1517    1472    1535    1515    
1478    1466    1445    1442    1419    
1494    1499    1318    1334    1370    
1381    1368    1344    1331    1312    
1273    1350    1309    1277    1310    
1242    1325    1253    1225    1197    
1191    1207    1184    1236    1175    
1193    1180    1148    1110    1090    
1084    1128    1146    1123    1096    
1012    1071    997    953    971    
996    977    933    956    927    
981    954    924    870    916    
921    897    847    854    874    
863    848    841    842    807    
805    815    795    788    800    
787    710    773    751    709    
768    737    695    744    756    
686    719    677    683    598    
651    662    628    656    664    
634    623    591    643    577    
560    594    562    556    596    
554    563    539    543    516    
548    572    532    546    527    
499    514    521    519    548    
523    507    501    497    460    
467    471    463    488    477    
451    436    448    412    465    
444    424    440    440    419    
429    441    409    458    418    
387    376    348    374    410    
396    417    359    395    380    
370    364    362    346    352    
335    360    335    339    328    
329    309    296    296    305    
311    287    281    292    307    
305    285    318    293    275    
294    273    308    267    263    
276    219    238    243    262    
213    225    256    221    243    
212    227    209    231    202    
208    218    200    194    219    
190    192    196    189    167    
192    200    169    187    150    
162    162    171    138    166    
145    160    169    157    142    
154    147    142    148    145    
136    132    147    131    146    
149    124    136    122    124    
139    117    124    131    110    
129    122    132    116    124    
98    114    102    105    113    
98    118    109    99    105    
89    104    90    88    92    
100    104    91    93    100    
92    90    105    102    98    
102    89    86    100    101    
84    83    83    100    69    
84    86    91    67    82    
68    82    66    69    88    
60    64    65    69    79    
60    66    75    75    76    
77    50    73    66    70    
62    56    59    48    47    
55    58    54    33    49    
46    48    38    52    45    
52    54    52    67    42    
45    40    34    41    53    
38    45    48    38    29    
42    26    34    33    34    
32    41    31    39    32    
27    27    26    25    31    
32    31    27    17    36    
23    31    25    17    32    
19    13    19    28    19    
24    20    22    17    14    
23    24    15    14    13    
15    15    13    15    23    
15    16    14    18    14    
21    12    16    8    11    
16    16    15    13    7    
15    14    12    13    9    
13    12    9    12    7    
12    12    14    17    10    
14    14    10    11    11    
8    13    9    9    10    
10    13    18    11    8    
8    10    5    10    10    
16    9    9    3    12    
7    9    13    10    8    
11    10    10    6    7    
8    7    3    13    7    
10    7    4    14    18    
17    6    8    10    12    
9    10    2    11    10    
8    8    3    5    10    
10    4    8    5    5    
5    6    7    9    5    
12    5    11    12    12    
9    6    4    12    9    
10    9    8    9    10    
7    5    7    5    11    
6    6    9    9    5    
2    10    13    13    7    
6    9    9    4    7    
10    6    7    5    9    
5    2    6    7    8    
5    5    8    8    9    
2    10    7    6    9    
5    4    3    7    8    
4    4    17    7    9    
8    7    6    5    5    
3    7    2    7    3    
3    4    6    9    4    
5    9    6    6    2    
8    9    3    8    8    
5    2    8    7    3    
9    4    4    7    6    
4    5    10    4    2    
7    6    8    6    10    
5    8    4    8    4    
8    5    8    2    6    
8    8    3    4    2    
3    4    2    5    6    
11    6    4    2    7    
10    8    7    7    4    
11    2    8    7    8    
1    7    14    4    6    
3    4    2    3    1    
2    5    4    10    7    
7    4    2    4    3    
3    1    9    9    3    
4    5    6    2    2    
4    3    6    1    6    
6    2    5    5    6    
3    3    8    1    7    
6    2    6    4    5    
4    8    6    5    3    
9    4    2    6    1    
6    6    4    2    7    
4    1    4    2    4    
5    2    3    5    4    
4    3    9    2    2    
1    2    4    3    4    
4    5    4    5    4    
6    6    4    6    6    
5    3    6    1    4    
1    2    1    1    4    
4    0    6    1    1    
3    4    2    3    3    
5    1    4    0    4    
2    3    4    8    2    
1    3    4    1    4    
2    3    0    2    4    
3    1    4    3    5    
6    4    2    1    2    
2    3    3    6    1    
5    2    1    2    4    
5    3    4    2    4    
5    2    2    3    5    
4    3    3    4    1    
4    2    1    4    1    
11    1    0    3    2    
4    1    4    3    3    
3    2    1    4    5    
2    4    5    2    5    
2    4    2    3    3    
1    2    3    1    2    
3    0    1    3    0    
4    2    4    1    5    
4    1    2    3    1    
5    2    2    1    2    
5    1    2    4    1    
5    5    2    4    4    
1    3    1    0    1    
1    1    1    5    2    
4    2    2    1    1    
5    1    3    0    0    
1    1    1    2    4    
0    0    3    4    1    
4    2    1    0    1    
4    5    0    3    0    
1    2    0    4    1    
3    0    1    3    2    
0    1    3    0    2    
3    0    0    0    2    
1    2    0    0    1    
2    2    2    0    1    
0    1    0    2    0    
0    1    1    0    2    
2    0    2    2    0    
1    0    0    1    3    
2    0    0    0    1    
0    0    0    1    0    
1    0    0    0    1    
0    2    1    1    1    
1    1    0    0    0    
0    0    0    0    1    
1    0    1    0    0    
2    0    0    0    0    
3    0    1    0    0    
1    0    1    0    1    
1    0    0    0    1    
0    0    1    0    1    
3    0    0    0    0    
1    0    0    0    1    
0    0    0    0    0    
0    0    0    2    0    
0    0    0    0    0    
0    1    0    0    0    
1    1    0    0    0    
1    0    0    0    0    
0    2    0    1    0    
0    0    0    0    0    
0    0    0    0    0    
0    0    0    0    0    
1    0    1    1    0    
0    0    0    0    0    
0    0    0    1    0    
0    0    0    0    0    
2    0    1    0    0    
0    0    0    0    0    
0    0    0    0    0    
0    1    0    0    0    
0    0    0    0    0    
0    0    0    0    1    
0    0    0    0    1    
0    0    0    0    0    
0    0    0    0    0    
0    0    0    0    0    
0    0    0    0    0    
0    0    0    0    0    
0    0    0    0    0    
0    0    0    0    0    
0    0    0    0    0    
0    0    0    0    0    
0    0    0    0    0    
1    0    0    0    0    
0    0    0    0    1    
0    0    0    0    0    
0    0    0    0    0    
0    0    0    0    1    
0    0    0    0    1    
0    0    0    0    0    
0    0    0    0    0    
0    0    0    0    0    
0    0    0    0    0    
0    0    0    0    0    
0    0    0    0    0    
0    0    0    0    0    
0    0    0    1    0    
0    0    0    0    0    
0    0    0    0    0    
0    0    0    0    0    
0    0    0    0    0    
0    0    0    0    0    
0    0    0    0    0    
0    0    0    0    0    
0    0    0    0    0    
0    0    0    0    0    
0    0    0    0    0    
0    0    1    0    0    
0    0    0    0    0    
0    0    0    0    0    
0    0    0    0    1    
0    0    0    0    0    
0    0    0    0    0    
0    0    0    0    0    
0    0    0    0    0    
0    0    0    0    0    
0    0    0    0    0    
0    0    0    0    0    
0    0    0    0    0    
0    0    0    0    0    
0    0    0    0    0    
0    0    0    0    0    
0    0    0    0    0    
0    0    0    0    0    
0    0    0    0    0    
0    0    0    0    0    
0    0    0    0    0    
0    0    0    1    0    
0    0    0    0    0    
0    0    0    0    0    
0    0    0    0    0    
0    0    0    0    0    
0    0    0    0    0    
0    0    0    0    0    
0    0    0    0    0    
0    0    0    0    0    
0    0    0    0    0    
0    0    0    0    0    
0    0    0    0    0    
0    0    0    0    0    
0    0    0    0    0    
0    0    0    0    0    
0    0    0    0    0    
0    0    0    0    0    
0    0    0    0    0    
0    0    0    0    0    
0    0    0    0    0    
0    0    0    0    0    
0    0    0    0    0    
0    0    0    0    0    
0    0    0    0    0    
0    0    0    0    0    
0    0    0    0    0    
0    0    0    0    0    
0    0    0    0    0    
0    0    0    0    0    
0    0    0    0    0    
0    0    0    0    0    
0    0    0    0    0    
0    0    0    0    0    
0    0    0    0    0    
0    0    0    0    0    
0    0    0    0    0    
0    0    0    0    0    
0    0    0    0    0    
0    0    0    0    0    
0    0    0    0    0    
0    0    0    0    0    
0    0    0    0    0    
0    0    0    0    0    
0    0    0    0    0    
0    0    0    0    0    
0    0    0    0    0    
0    0    0    0    0    
0    0    0    0    0    
0    0    0    0    0    
0    0    0    0    0    
0    0    0    0    0    
0    0    0    0    0    
0    0    0    0    0    
0    0    0    0    0    
0    0    0    0    0    
0    0    0    0    0    
0    0    0    0    0    
0    0    0    0    0    
0    1    0    0    0    
0    0    0    0    0    
0    0    0    0    0    
0    0    0    0    0    
0    0    0    0    0    
0    0    0    0    0    
0    0    0    0    0    
0    0    0    0    0    
0    0    0    0    0    
0    0    0    0    0    
0    0    0    0    0    
0    0    0    0    0    
0    0    0    0    0    
0    0    0    0    0    
0    0    0    0    0    
0    0    0    0    0    
1    0    0    0    0    
0    0    0    0    0    
0    0    0    0    0    
0    0    0    0    0    
0    0    0    0    0    
0    0    0    0    0    
0    0    0    0    0    
0    0    0    0    0    
0    0    0    0    0    
0    0    0    0    0    
0    0    0    0    0    
0    0    0    0    0    
0    0    0    0    0    
0    0    0    0    0    
0    0    0    0    0    
0    0    0    0    0    
0    0    0    0    0    
0    0    0    0    0    
0    0    0    0    0    
0    0    0    0    0    
0    0    0    0    0    
0    0    0    0    0    
0    0    0    0    0    
0    0    0    0    0    
0    0    0    0    0    
0    0    0    0    0    
0    0    0    0    0    
0    0    0    0    0    
0    0    0    0    0    
0    0    0    0    0    
0    0    0    0    0    
0    0    0    0    0    
0    0    0    0    0    
0    0    0    0    0    
0    0    0    0    0    
0    0    0    0    0    
0    0    0    0    0    
0    0    0    0    0    
0    0    0    0    0    
0    0    0    0    0    
0    0    0    0    0    
0    0    0    0    0    
0    0    0    0    0    
0    0    0    0    0    
0    0    0    0    0    
0    0    0    0    0    
0    0    0    0    0    
0    0    0    0    0    
0    0    0    0    0    
0    0    0    0    0    
0    0    0    0    0    
0    0    0    0    0    
0    0    0    0    0    
0    0    0    0    0    
0    0    0    0    0    
0    0    0    0    0    
0    0    0    0    0    
0    0    0    0    0    
0    0    0    0    0    
0    0    0    0    0    
0    0    0    0    0    
0    0    0    0    0    
0    0    0    0    0    
0    0    0    0    0    
0    0    0    0    0    
0    0    0    0    0    
0    0    0    0    0    
0    0    0    0    0    
0    0    0    0    0    
0    0    0    0    0    
0    0    0    0    0    
0    0    0    0    0    
0    0    0    0    0    
0    0    0    0    0    
0    0    0    0    0    
0    0    0    0    0    
0    0    0    0    0    
0    0    0    0    0    
0    0    0    0    0    
0    0    0    0    0    
0    0    0    0    0    
0    0    0    0    0    
0    0    0    0    0    
0    0    0    0    0    
0    0    0    0    0    
0    0    0    0    0    
0    0    0    0    0    
0    0    0    0    0    
0    0    0    0    0    
0    0    0    0    0    
0    0    0    0    0    
0    0    0    0    0    
0    0    0    0    0    
0    0    0    0    0    
0    0    0    0    0    
0    0    0    0    0    
0    0    0    0    0    
0    0    0    0    0    
0    0    0    0    0    
0    0    0    0    0    
0    0    0    0    0    
0    0    0    0    0    
0    0    0    0    0    
0    0    0    0    0    
0    0    0    0    0    
0    0    0    0    0    
0    0    0    0    0    
0    0    0    0    0    
0    0    0    0    0    
0    0    0    0    0    
0    0    0    0    0    
0    0    0    0    0    
0    0    0    0    0    
0    0    0    0    0    
0    0    0    0    0    
0    0    0    0    0    
0    0    0    0    0    
0    0    0    0    0    
0    0    0    0    0    
0    0    0    0    0    
0    0    0    0    0    
0    0    0    0    0    
0    0    0    0    0    
0    0    0    0    0    
0    0    0    0    0    
0    0    0    0    0    
0    0    0    0    0    
0    0    0    0    0    
0    0    0    0    0    
0    0    0    0    0    
0    0    0    0    0    
0    0    0    0    0    
0    0    0    0    0    
0    0    0    0    0    
0    0    0    0    0    
0    0    0    0    0    
0    0    0    0    0    
0    0    0    0    0    
0    0    0    0    0    
0    0    0    0    0    
0    0    0    0    0    
0    0    0    0    0    
0    0    0    0    0    
0    0    0    0    0    
0    0    0    0    0    
0    0    0    0    0    
0    0    0    0    0    
0    0    0    0    0    
0    0    0    0    0    
0    0    0    0    0    
0    0    0    0    0    
0    0    0    0    0    
0    0    0    0    0    
0    0    0    0    0    
0    0    0    0    0    
0    0    0    0    0    
0    0    0    0    0    
0    0    0    0    0    
0    0    0    0    0    
0    0    0    0    0    
0    0    0    0    0    
0    0    0    0    0    
0    0    0    0    0    
0    0    0    0    0    
0    0    0    0    0    
0    0    0    0    0    
0    0    0    0    0    
0    0    0    0    0    
0    0    0    0    0    
0    0    0    0    0    
0    0    0    0    0    
0    0    0    0    0    
0    0    0    0    0    
0    0    0    0    0    
0    0    0    0    0    
0    0    0    0    0    
0    0    0    0    0    
0    0    0    0    0    
0    0    0    0    0    
0    0    0    0    0    
0    0    0    0    0    
0    0    0    0    0    
0    0    0    0    0    
0    0    0    0    0    
0    0    0    0    0    
0    0    0    0    0    
0    0    0    0    0    
0    0    0    0    0    
0    0    0    0    0    
0    0    0    0    0    
0    0    0    0    0    
0    0    0    0    0    
0    0    0    0    0    
0    0    0    0    0    
0    0    0    0    0    
0    0    0    0    0    
0    0    0    0    0    
0    0    0    0    0    
0    0    0    0    0    
0    0    0    0    0    
0    0    0    0    0    
0    0    0    0    0    
0    0    0    0    0    
0    0    0    0    0    
0    0    0    0    0    
0    0    0    0    0    
0    0    0    0    0    
0    0    0    0    0    
0    0    0    0    0    
0    0    0    0    0    
0    0    0    0    0    
0    0    0    0    0    
0    0    0    0    0    
0    0    0    0    0    
0    0    0    0    0    
0    0    0    0    0    
0    0    0    0    0    
0    0    0    0    0    
0    0    0    0    0    
0    0    0    0    0    
0    0    0    0    0    
0    0    0    0    0    
0    0    0    0    0    
0    0    0    0    0    
0    0    0    0    0    
0    0    0    0    0    
0    0    0    0    0    
0    0    0    0    0    
0    0    0    0    0    
0    0    0    0    0    
0    0    0    0    0    
0    0    0    0    0    
0    0    0    0    0    
0    0    0    0    0    
0    0    0    0    0    
0    0    0    0    0    
0    0    0    0    0    
0    0    0    0    0    
0    0    0    0    0    
0    0    0    0    0    
0    0    0    0    0    
0    0    0    0    0    
0    0    0    0    0    
0    0    0    0    0    
0    0    0    0    0    
0    0    0    0    0    
0    0    0    0    0    
0    0    0    0    0    
0    0    0    0    0    
0    0    0    0    0    
0    0    0    0    0    
0    0    0    0    0    
0    0    0    0    0    
0    0    0    0    0    
0    0    0    0    0    
0    0    0    0    0    
0    0    0    0    0    
0    0    0    0    0    
0    0    0    0    0    
0    0    0    0    0    
0    0    0    0    0    
0    0    0    0    0    
0    0    0    0    0    
0    0    0    0    0    
0    0    0    0    0    
0    0    0    0    0    
0    0    0    0    0    
0    0    0    0    0    
0    0    0    0    0    
0    0    0    0    0    
0    0    0    0    0    
0    0    0    0    0    
0    0    0    0    0    
0    0    0    0    0    
0    0    0    0    0    
0    0    0    0    0    
0    0    0    0    0    
0    0    0    0    0    
0    0    0    0    0    
0    0    0    0    0    
0    0    0    0    0    
0    0    0    0    0    
0    0    0    0    0    
0    0    0    0    0    
0    0    0    0    0    
0    0    0    0    0    
0    0    0    0    0    
0    0    0    0    0    
0    0    0    0    0    
0    0    0    0    0    
0    0    0    0    0    
0    0    0    0    0    
0    0    0    0    0    
0    0    0    0    0    
0    0    0    0    0    
0    0    0    0    0    
0    0    0    0    0    
0    0    0    0    0    
0    0    0    0    0    
0    