.DATE:    1/ 1/2002 Time :00:41:48   FILE :cesium-60-new.txt
ID:\Spectrum ID
Dwell Time :98µs  Sync Pulse :External  Channel Advance :Internal
CHNLS:4096 RT:  500   HWLT:  500   CRLT:  500
1735    1231    1246    1247    1272    
1266    1297    1211    1181    1279    
1177    1255    1220    1278    1219    
1186    1197    1186    1168    1188    
1230    1232    1158    1149    1095    
1136    1178    1151    1129    1176    
1187    1190    1161    1110    1141    
1094    1125    1107    1151    1099    
1071    1080    1089    1119    1089    
1026    1062    1078    1100    1110    
1104    1037    1112    1020    1009    
1070    1020    982    1006    1034    
983    998    978    999    1039    
1086    983    1009    1047    1018    
983    1032    1053    1021    1005    
1066    971    956    984    1035    
1021    951    998    1031    901    
1011    1012    1050    1072    990    
1008    930    988    939    959    
961    1048    978    1028    1023    
993    1043    1011    1013    1056    
1011    1009    996    982    1091    
1088    995    1034    1100    1047    
1018    1025    1169    1068    1053    
1081    1125    1140    1106    1125    
1093    1050    1095    1134    1147    
1108    1115    1162    1102    1162    
1226    1179    1211    1192    1231    
1196    1223    1149    1175    1249    
1212    1273    1235    1246    1181    
1237    1146    1172    1188    1138    
1176    1070    1117    1167    1170    
1072    1045    1060    1007    989    
1004    976    1026    988    916    
897    946    866    855    845    
813    834    802    811    776    
791    784    724    780    705    
705    619    649    646    641    
644    634    591    621    630    
612    580    584    589    585    
562    567    554    528    592    
532    494    509    522    497    
490    523    458    508    492    
475    466    465    448    482    
504    476    492    445    487    
509    434    474    435    446    
453    417    434    431    449    
407    431    416    414    410    
372    368    437    435    404    
423    400    407    438    415    
368    396    404    389    355    
391    371    360    367    392    
374    355    351    349    368    
372    359    346    366    319    
383    356    376    332    316    
331    347    366    313    325    
299    303    331    323    343    
306    303    285    302    322    
309    309    283    306    268    
298    275    296    288    340    
276    314    290    272    313    
274    284    283    297    277    
278    285    282    268    287    
305    300    307    250    287    
275    283    271    291    250    
256    298    255    258    279    
273    250    251    242    248    
260    275    267    239    256    
272    260    246    239    265    
262    259    243    256    257    
238    242    256    259    256    
254    248    253    249    244    
248    254    250    246    221    
212    274    222    254    249    
233    273    257    231    220    
196    236    229    240    240    
253    235    298    223    248    
229    246    218    242    256    
224    239    260    244    227    
195    220    230    224    208    
220    222    219    237    242    
221    225    223    194    241    
242    215    191    214    243    
217    218    208    197    231    
246    207    218    213    219    
238    218    235    208    244    
249    227    249    204    202    
226    271    247    223    249    
218    209    244    244    251    
249    223    273    265    254    
228    233    227    233    235    
226    256    221    219    227    
242    228    252    252    242    
227    249    257    274    273    
253    286    240    267    249    
270    285    284    276    239    
251    288    276    289    260    
256    241    286    285    267    
273    252    307    300    262    
291    295    291    323    298    
318    292    283    287    300    
282    305    298    314    265    
287    336    298    315    344    
335    300    317    327    319    
335    324    330    323    309    
337    339    311    334    324    
320    299    340    319    362    
302    354    347    366    354    
345    365    328    349    384    
309    352    327    321    334    
362    339    361    357    359    
344    355    361    363    358    
342    389    347    368    370    
311    372    364    376    368    
378    359    374    379    377    
351    348    385    362    379    
332    369    337    396    364    
346    365    321    340    382    
361    371    361    348    380    
372    361    336    350    356    
386    351    359    373    373    
335    340    331    319    357    
330    355    322    362    350    
349    338    330    344    364    
343    365    329    325    322    
315    337    310    369    299    
318    347    324    303    315    
326    327    341    301    292    
321    374    324    335    295    
306    272    323    299    349    
329    298    308    273    286    
305    288    305    303    287    
296    282    294    308    247    
294    290    283    274    286    
292    291    283    267    281    
268    273    307    249    272    
279    262    288    255    249    
247    260    230    254    243    
251    257    283    224    252    
240    235    217    246    252    
212    233    218    211    220    
179    228    179    214    203    
197    208    190    203    194    
186    187    190    202    187    
166    173    163    178    176    
196    184    157    160    159    
194    175    151    181    147    
117    134    161    133    149    
134    143    142    153    156    
109    141    136    117    123    
117    121    123    120    106    
113    122    106    115    106    
113    100    103    98    92    
99    113    94    100    107    
96    107    105    101    94    
83    88    100    95    84    
76    76    90    76    76    
90    75    75    65    70    
59    66    69    88    73    
60    69    60    61    64    
72    57    65    57    63    
64    50    48    72    61    
64    59    50    54    51    
56    47    64    45    62    
40    47    50    46    45    
40    42    45    49    40    
49    35    51    55    52    
38    43    43    39    44    
52    44    50    43    39    
49    41    36    54    40    
48    33    42    46    45    
39    37    45    46    41    
42    34    35    38    35    
42    40    33    41    41    
34    40    35    28    41    
44    46    41    41    47    
27    38    44    35    33    
31    40    35    27    40    
37    37    29    33    39    
41    30    31    44    42    
35    40    43    31    39    
36    30    36    43    42    
38    40    42    28    30    
38    33    29    40    42    
45    36    31    30    38    
41    38    39    38    34    
37    40    22    36    43    
38    40    28    41    24    
24    39    21    29    39    
30    31    39    28    29    
47    40    33    28    21    
40    26    23    31    35    
35    32    42    31    41    
38    39    32    33    29    
43    31    39    25    50    
35    23    31    26    40    
39    34    27    32    35    
40    41    45    44    30    
37    29    48    27    26    
48    43    31    47    34    
41    39    50    35    40    
40    32    57    34    35    
50    40    54    39    50    
57    55    44    40    40    
59    43    39    45    63    
48    57    58    51    52    
60    63    61    75    75    
64    75    60    61    78    
74    72    51    72    74    
79    65    58    55    76    
59    76    70    61    50    
68    70    54    50    58    
74    57    55    63    62    
57    63    57    67    66    
67    53    65    46    73    
66    73    48    55    57    
66    50    47    41    59    
49    52    46    51    46    
58    45    45    50    44    
51    45    35    46    35    
38    41    30    43    41    
30    41    37    45    35    
32    28    32    36    40    
23    27    26    27    37    
30    23    28    20    32    
25    25    28    24    20    
20    23    17    27    20    
18    15    22    8    11    
19    19    21    17    21    
13    13    14    19    22    
20    19    12    15    18    
9    12    14    9    12    
9    14    9    11    13    
16    10    11    21    11    
14    10    8    13    20    
14    16    19    11    18    
14    16    12    19    15    
10    9    11    13    13    
12    10    11    8    17    
9    9    9    11    13    
10    20    13    10    14    
12    13    8    12    12    
8    9    12    16    24    
10    9    16    15    12    
6    11    14    12    13    
13    11    8    16    9    
9    15    10    12    14    
12    12    11    10    14    
7    12    10    9    11    
8    11    7    7    14    
9    18    11    10    6    
20    7    9    11    10    
11    7    15    9    6    
12    15    14    17    6    
12    7    18    15    9    
11    8    6    9    12    
12    12    13    11    11    
17    13    5    10    15    
10    12    6    15    10    
7    13    14    7    13    
8    8    12    11    8    
10    13    7    13    10    
14    9    12    12    10    
9    13    12    12    11    
6    15    13    5    14    
8    14    12    11    8    
14    9    13    7    14    
13    11    15    15    15    
4    15    9    14    9    
14    13    8    10    9    
9    11    9    6    17    
3    9    10    8    7    
9    7    16    15    8    
8    6    8    11    7    
11    9    5    8    6    
9    13    10    9    8    
12    15    7    11    7    
12    11    14    17    5    
9    11    10    7    11    
13    10    8    3    14    
8    13    7    12    6    
14    5    15    3    10    
10    7    11    13    11    
15    14    12    16    5    
10    23    9    14    9    
12    4    11    17    10    
12    8    9    10    9    
12    11    17    8    12    
8    13    8    9    6    
9    5    2    12    10    
16    9    5    15    10    
5    8    7    5    10    
5    6    11    12    12    
17    12    11    19    12    
6    6    8    12    11    
7    12    9    7    14    
14    12    3    10    9    
10    13    13    11    15    
7    10    11    10    9    
12    6    9    9    11    
12    9    16    12    14    
6    4    12    11    14    
12    10    12    10    4    
15    7    18    14    10    
14    11    8    11    9    
9    13    16    13    10    
12    7    8    12    5    
12    14    9    18    10    
7    14    6    16    10    
9    10    12    17    11    
14    12    10    8    6    
15    9    17    7    10    
14    7    17    7    12    
15    13    7    9    13    
11    10    14    10    8    
11    3    9    5    15    
12    12    6    7    12    
12    10    4    10    11    
6    7    7    6    12    
5    8    6    3    13    
10    13    7    12    10    
7    12    6    12    12    
8    7    15    12    8    
7    5    12    7    9    
8    8    7    14    13    
5    9    8    6    14    
4    7    11    10    5    
9    7    5    9    10    
6    12    11    10    12    
12    7    9    11    7    
8    7    15    9    9    
6    7    13    11    13    
11    9    4    13    10    
8    6    13    10    11    
8    6    8    4    4    
3    7    3    10    7    
11    4    10    6    9    
9    6    5    7    4    
9    9    5    8    8    
6    8    9    7    6    
8    10    6    6    6    
4    3    7    4    10    
5    6    7    6    11    
9    10    3    7    11    
9    7    8    5    5    
1    7    6    7    5    
4    7    5    3    7    
6    12    4    9    4    
7    5    11    12    3    
8    2    8    5    9    
5    5    5    5    6    
6    3    10    7    9    
5    8    1    10    6    
4    3    5    7    4    
10    11    1    4    5    
6    7    6    6    7    
12    3    7    4    7    
8    5    2    4    8    
7    8    7    9    7    
3    5    7    7    6    
6    7    7    7    7    
8    6    5    10    5    
3    12    4    8    6    
5    9    5    4    13    
5    6    3    8    5    
6    7    4    9    9    
3    7    5    9    5    
6    6    5    1    7    
6    10    3    7    5    
4    4    9    6    4    
8    10    4    4    7    
5    15    7    7    9    
5    9    8    4    6    
7    8    6    7    5    
6    5    9    2    4    
9    7    10    8    9    
11    5    7    11    5    
12    10    4    12    10    
4    3    5    6    5    
6    6    12    7    9    
9    7    7    9    5    
7    3    12    5    3    
8    4    8    6    6    
9    7    4    12    10    
9    8    5    6    7    
10    2    10    10    3    
4    5    8    5    4    
5    7    8    6    9    
7    11    6    6    8    
6    8    13    4    3    
5    7    7    6    5    
9    11    5    9    6    
7    8    4    7    14    
9    4    5    5    6    
7    3    5    4    4    
4    5    4    10    8    
11    8    4    6    6    
9    7    9    7    6    
5    5    4    7    6    
4    2    9    6    4    
4    5    11    6    6    
5    1    5    5    5    
5    6    8    6    2    
7    2    7    5    5    
4    5    3    4    3    
6    1    10    5    5    
4    6    7    7    5    
7    4    9    7    7    
6    7    6    3    7    
6    10    7    6    8    
2    7    4    7    11    
6    8    5    5    8    
5    2    2    4    4    
4    6    2    2    7    
3    4    8    3    2    
2    5    5    7    4    
5    6    3    5    3    
5    6    5    4    6    
3    8    5    8    2    
3    1    6    4    5    
12    3    4    7    6    
5    7    4    7    6    
2    3    2    3    8    
3    3    3    4    2    
5    2    2    4    4    
5    3    2    6    5    
1    4    2    1    7    
5    2    2    1    6    
1    4    3    6    4    
12    7    2    2    1    
6    4    6    1    7    
4    6    1    4    5    
4    5    7    4    4    
6    3    3    5    0    
5    6    2    8    5    
6    2    2    5    2    
3    5    3    8    3    
3    3    4    3    5    
4    3    1    3    3    
4    2    7    7    2    
3    4    4    3    3    
2    5    3    0    5    
3    5    1    4    3    
2    0    5    4    2    
2    3    3    2    2    
2    6    4    3    1    
8    4    3    0    2    
3    4    3    8    6    
4    2    2    2    3    
5    3    2    1    2    
3    2    3    1    5    
4    3    2    4    3    
4    1    2    0    3    
4    1    6    0    3    
3    3    1    6    1    
8    2    3    3    3    
1    3    4    0    0    
0    0    4    3    4    
3    1    2    3    0    
5    2    6    2    3    
6    5    3    4    2    
7    2    3    2    4    
2    5    2    2    4    
1    0    2    4    1    
2    1    2    3    5    
0    6    2    6    1    
2    2    1    2    7    
3    0    5    2    3    
3    5    2    1    3    
5    2    4    3    2    
4    4    3    2    1    
3    1    4    2    2    
0    3    2    5    5    
3    5    2    2    4    
6    4    7    4    4    
6    1    5    5    4    
7    4    3    6    3    
4    3    3    0    8    
2    5    7    2    4    
3    4    9    4    5    
2    5    3    7    4    
3    6    3    3    4    
2    4    2    6    2    
4    1    5    7    4    
5    5    3    0    6    
3    7    3    2    3    
7    9    8    6    6    
3    3    9    2    6    
5    2    2    4    9    
6    6    3    5    8    
9    9    4    2    10    
7    4    3    6    5    
1    3    6    7    5    
8    10    3    8    3    
4    11    5    5    5    
3    5    10    6    7    
5    4    6    7    8    
4    11    7    8    8    
3    7    7    8    8    
9    12    5    5    7    
7    5    7    6    4    
5    7    6    8    14    
8    15    11    13    7    
12    5    7    7    15    
7    10    11    16    9    
4    12    6    9    12    
2    12    8    10    5    
12    9    12    8    4    
10    7    8    6    4    
8    11    7    6    9    
9    10    12    12    13    
9    11    6    10    6    
10    5    13    9    17    
7    8    5    6    6    
6    4    10    9    7    
15    6    9    8    9    
6    6    6    3    6    
10    9    8    4    11    
5    11    8    8    5    
5    11    3    5    6    
7    4    5    7    5    
4    9    5    5    8    
5    6    5    2    6    
6    0    3    13    4    
6    4    6    6    4    
3    5    4    2    3    
5    1    4    3    3    
5    0    3    7    3    
6    8    1    4    5    
3    3    3    1    2    
2    6    2    4    1    
2    1    1    2    5    
1    0    3    4    4    
4    2    4    2    2    
1    4    0    0    1    
4    1    0    3    1    
0    5    2    3    0    
2    3    2    0    0    
1    6    3    1    3    
2    2    3    1    0    
1    3    2    1    1    
2    0    2    0    3    
2    3    1    2    4    
2    1    1    2    1    
3    3    2    2    4    
1    2    3    2    2    
2    2    1    2    3    
2    4    0    4    2    
0    2    1    2    1    
1    3    0    3    0    
0    3    1    2    3    
1    3    1    1    3    
0    0    2    2    7    
4    4    1    3    0    
1    2    0    4    3    
1    4    1    2    1    
4    3    3    7    0    
5    2    1    3    1    
0    0    1    1    2    
3    0    4    2    2    
5    2    1    4    2    
1    0    0    1    0    
1    3    5    2    1    
2    0    4    2    4    
3    1    0    5    4    
1    4    0    1    2    
2    1    1    1    1    
2    0    2    3    3    
3    1    0    3    2    
1    5    1    0    1    
2    0    1    1    3    
1    3    1    1    2    
1    1    3    0    2    
1    1    0    0    2    
2    1    0    3    3    
4    1    1    0    1    
2    2    0    1    1    
0    2    2    0    3    
2    0    1    2    2    
0    1    1    1    0    
1    4    1    0    1    
1    4    1    4    2    
1    1    0    0    1    
1    0    0    1    3    
0    1    2    1    2    
1    0    1    0    1    
1    1    0    3    2    
3    2    2    1    2    
4    3    1    0    0    
1    1    4    0    1    
2    2    2    0    2    
1    0    3    3    1    
0    2    0    0    0    
1    2    2    1    3    
3    1    4    0    2    
0    0    0    0    0    
2    2    2    2    1    
3    0    0    1    4    
3    1    3    0    2    
1    1    2    4    1    
0    1    1    3    2    
4    0    1    1    2    
0    0    0    1    1    
4    1    3    0    0    
1    2    2    3    4    
0    1    3    3    1    
2    1    1    1    0    
2    1    1    1    0    
2    0    2    1    2    
0    1    0    3    0    
1    2    0    0    2    
4    2    3    2    0    
1    2    4    1    0    
1    1    1    1    2    
1    2    2    0    0    
5    1    0    0    5    
2    0    3    4    2    
3    3    3    1    2    
1    0    4    1    2    
4    4    2    3    2    
3    4    1    5    2    
1    1    0    1    1    
1    6    1    1    3    
2    1    1    0    4    
1    3    1    4    1    
2    1    2    1    1    
2    3    0    4    0    
0    2    2    0    1    
3    1    1    1    1    
3    1    1    1    1    
2    2    0    2    3    
2    2    0    2    1    
1    1    1    0    4    
3    2    0    1    2    
0    3    0    3    3    
2    0    0    1    2    
3    2    0    3    1    
2    0    0    1    0    
2    1    0    1    0    
2    1    2    1    0    
0    2    2    3    0    
1    2    2    1    0    
0    0    1    0    1    
0    1    1    2    1    
0    3    1    1    1    
0    1    1    1    0    
2    1    0    0    1    
2    0    1    0    1    
2    4    2    0    1    
4    0    3    1    1    
3    2    1    1    2    
2    1    1    1    2    
1    1    1    0    2    
1    1    1    0    1    
1    0    1    3    2    
0    2    1    0    0    
2    1    1    0    0    
0    2    0    0    3    
1    1    2    0    0    
3    1    2    0    1    
1    0    1    0    1    
1    1    0    1    1    
0    1    1    0    1    
1    1    1    1    0    
0    3    0    1    2    
0    0    1    0    1    
2    2    0    1    2    
0    1    0    0    0    
0    3    1    3    0    
0    1    0    0    2    
1    1    4    1    1    
1    2    0    0    0    
2    0    1    0    0    
0    1    1    1    1    
1    1    0    1    1    
1    0    0    1    0    
1    0    1    0    0    
0    1    0    1    0    
2    1    1    0    2    
2    2    1    0    1    
0    1    1    0    1    
1    1    2    1    2    
0    1    0    2    0    
0    1    0    1    1    
1    2    0    1    1    
0    0    1    2    4    
2    1    1    1    0    
0    0    1    0    3    
0    1    2    0    0    
1    1    2    0    0    
0    0    2    2    0    
0    0    0    1    0    
0    0    1    1    0    
1    3    0    0    1    
1    0    2    1    1    
0    0    3    2    1    
0    0    2    0    0    
3    1    2    2    1    
1    1    0    0    0    
1    1    0    0    0    
0    0    4    2    0    
1    0    1    2    0    
0    1    1    0    1    
0    1    0    0    1    
2    1    1    1    1    
0    2    3    0    1    
0    1    3    0    1    
1    1    1    0    0    
1    0    0    0    0    
1    1    2    0    1    
1    1    0    1    0    
0    1    0    0    1    
1    1    0    0    0    
0    0    1    1    4    
0    0    0    1    1    
1    1    0    2    4    
0    0    2    0    0    
1    0    1    1    0    
2    1    0    1    1    
0    2    3    0    0    
2    0    0    0    1    
1    2    0    0    1    
0    0    2    1    2    
1    2    1    1    1    
2    0    0    1    1    
0    0    0    1    0    
1    0    0    2    1    
1    1    1    1    1    
1    1    0    1    1    
1    0    1    0    3    
0    0    3    1    0    
0    1    1    2    1    
4    0    0    1    2    
2    4    0    2    0    
0    1    1    0    0    
1    3    1    2    2    
1    2    0    0    1    
1    0    1    3    3    
0    1    2    1    3    
4    2    0    1    0    
0    3    3    4    0    
3    2    7    1    0    
1    1    1    4    1    
2    6    0    0    1    
1    2    4    1    0    
1    2    2    1    3    
2    1    0    0    1    
2    1    1    0    0    
2    0    0    0    1    
2    2    1    1    5    
1    3    3    1    0    
1    0    1    0    1    
1    3    3    1    1    
3    1    2    1    1    
3    0    2    1    1    
2    0    3    1    1    
3    0    1    5    2    
0    1    2    1    0    
2    3    3    1    2    
2    1    3    1    2    
1    2    2    5    0    
3    0    1    1    2    
0    2    1    3    2    
1    1    0    1    3    
1    1    1    1    2    
1    3    2    2    1    
0    6    1    2    0    
1    2    1    3    1    
1    2    1    1    1    
0    1    0    1    2    
2    1    2    2    1    
2    1    3    0    2    
4    3    0    3    0    
1    1    1    2    1    
3    4    0    3    1    
0    0    0    2    1    
3    2    2    0    3    
1    1    0    1    1    
1    2    2    0    1    
1    1    4    0    0    
0    1    1    2    1    
2    1    0    2    2    
2    1    1    1    0    
2    1    1    1    1    
0    1    3    1    5    
2    0    1    0    2    
1    1    0    2    1    
0    1    0    1    2    
0    0    2    1    0    
4    2    0    0    2    
3    1    0    0    0    
2    1    0    0    1    
1    3    1    0    1    
1    3    2    1    0    
0    0    0    1    2    
2    0    1    2    0    
1    0    2    0    2    
1    2    1    2    1    
1    0    2    0    0    
0    0    0    0    2    
0    2    2    1    1    
2    2    3    0    2    
1    1    0    1    0    
1    2    1    3    0    
1    0    0    0    1    
0    0    0    0    0    
0    2    0    0    0    
0    0    0    0    0    
0    0    0    0    0    
0    0    0    0    0    
0    0    0    0    0    
0    0    0    0    0    
0    0    0    0    0    
0    0    0    0    0    
0    0    0    0    0    
0    0    0    0    0    
0    0    0    0    0    
0    0    0    0    0    
0    0    0    0    0    
0    