.DATE:    1/ 1/2002 Time :01:07:29   FILE :cesium-75.txt
ID:\Spectrum ID
Dwell Time :98µs  Sync Pulse :External  Channel Advance :Internal
CHNLS:4096 RT:  500   HWLT:  500   CRLT:  500
1585    1133    1114    1096    1140    
1158    1176    1135    1175    1157    
1208    1124    1175    1128    1158    
1157    1157    1108    1126    1165    
1118    1092    1117    1129    1105    
1140    1065    1085    1119    1044    
1058    1048    990    1067    1085    
979    1069    1085    1091    1080    
1034    1027    1025    1058    1023    
979    1080    1007    1047    995    
991    1005    1017    1018    971    
985    981    1014    947    1004    
977    968    985    906    1008    
995    964    922    980    952    
962    993    950    1010    929    
963    901    917    876    925    
993    996    962    970    909    
1025    895    919    945    936    
897    963    935    915    955    
914    929    911    972    899    
911    962    1020    949    863    
959    1017    942    1022    928    
958    941    908    992    986    
998    979    1000    1019    938    
1031    982    995    1054    1044    
1026    1030    1085    1055    1087    
1013    1109    1071    1080    1138    
1086    1091    1127    1101    1154    
1159    1109    1137    1151    1114    
1084    1122    1112    1111    1117    
1154    1123    1142    1111    1082    
1071    1053    998    1031    955    
961    1034    957    993    1007    
908    987    939    933    906    
902    789    808    871    739    
794    744    780    746    673    
740    680    678    668    637    
617    638    651    645    640    
569    624    567    543    539    
590    491    543    535    501    
483    504    513    460    490    
455    512    449    455    469    
428    438    405    427    387    
399    433    404    387    431    
365    399    394    401    385    
396    405    359    376    392    
390    408    359    378    331    
359    340    358    341    398    
373    346    358    355    333    
340    312    372    384    364    
322    308    337    350    341    
339    341    299    315    345    
320    336    312    318    295    
315    309    329    314    299    
300    287    313    296    286    
296    314    294    305    273    
288    323    309    313    287    
303    288    283    279    264    
286    264    256    278    292    
262    297    271    277    251    
273    248    296    291    268    
277    267    241    279    279    
281    269    271    250    258    
255    247    256    253    265    
251    301    243    260    242    
279    275    281    243    248    
252    244    281    266    240    
257    250    233    267    244    
261    269    263    255    279    
274    266    289    296    272    
257    245    261    260    264    
269    270    261    267    274    
322    280    264    290    276    
270    297    297    267    276    
290    290    275    324    278    
280    293    285    275    285    
309    262    323    293    308    
315    334    310    314    308    
338    341    328    337    322    
313    309    318    324    335    
373    335    350    331    392    
406    313    320    382    363    
323    355    342    365    361    
327    382    364    341    349    
357    376    358    374    390    
400    412    350    373    367    
367    395    354    378    381    
405    390    377    368    366    
398    386    396    365    351    
369    360    354    368    370    
401    370    380    381    378    
370    391    387    370    340    
390    371    347    343    355    
340    425    357    350    349    
342    350    356    369    363    
341    324    349    361    319    
362    322    303    321    349    
331    293    287    304    305    
287    304    307    302    301    
298    305    288    291    317    
275    276    266    308    298    
295    294    259    295    292    
266    251    263    280    240    
257    255    256    256    243    
275    243    251    250    244    
244    251    265    225    244    
245    236    226    235    246    
232    241    232    235    241    
213    223    220    218    208    
200    200    212    210    204    
229    216    206    215    208    
204    176    238    197    169    
205    218    221    205    222    
223    212    184    218    207    
180    197    190    206    196    
192    187    184    218    191    
231    180    187    194    186    
185    189    176    173    189    
204    201    206    178    183    
195    175    167    161    171    
166    182    177    162    169    
198    161    177    186    185    
160    168    183    161    169    
141    174    114    153    125    
159    154    144    147    143    
154    155    161    157    145    
150    166    148    140    140    
140    143    138    129    136    
130    139    138    109    114    
119    129    112    138    128    
122    116    84    110    105    
102    99    107    92    106    
108    106    110    128    95    
112    89    80    99    101    
84    98    106    101    70    
76    74    88    82    86    
83    80    87    78    81    
87    69    74    84    66    
70    74    55    76    64    
76    50    69    69    63    
65    75    51    78    62    
68    58    83    65    76    
50    65    51    58    66    
52    56    50    59    54    
48    53    51    56    47    
44    61    53    44    54    
46    44    51    39    46    
47    43    41    60    40    
51    44    57    53    39    
44    49    47    41    55    
37    54    43    41    38    
44    47    51    36    50    
41    48    45    45    45    
43    46    40    35    30    
37    35    38    40    46    
27    25    40    34    34    
38    30    34    44    41    
33    39    33    32    42    
35    33    43    39    40    
33    26    31    35    36    
33    24    32    22    44    
41    32    41    35    40    
29    31    38    46    33    
41    33    39    33    34    
31    26    39    31    33    
27    35    37    33    24    
24    27    38    31    21    
23    28    24    19    23    
29    29    31    35    35    
34    28    33    31    26    
19    27    29    28    29    
23    36    23    36    30    
23    29    29    27    32    
35    38    26    22    18    
26    26    25    33    31    
29    34    26    28    36    
21    28    33    25    28    
22    25    24    30    21    
30    30    32    25    24    
31    34    29    26    32    
31    31    21    44    21    
26    28    35    41    35    
32    31    40    31    26    
37    32    21    32    27    
31    22    30    26    25    
30    12    28    31    37    
27    33    34    31    31    
32    33    30    23    41    
19    32    29    27    37    
23    35    30    34    28    
36    34    27    29    26    
33    24    30    29    30    
33    33    29    25    34    
35    33    34    37    44    
26    31    30    37    36    
33    40    28    37    37    
31    30    29    37    46    
39    35    31    47    31    
28    30    43    41    45    
46    39    42    49    46    
39    32    33    44    35    
36    46    48    48    41    
50    47    40    54    42    
45    50    53    49    46    
60    43    41    49    59    
57    67    42    52    59    
55    73    56    53    54    
55    58    69    60    70    
52    59    65    49    76    
69    57    75    48    72    
55    66    55    52    66    
81    69    65    65    65    
66    57    63    64    45    
63    67    67    53    60    
55    47    67    61    59    
48    51    69    63    44    
51    62    51    53    53    
50    50    54    47    59    
49    39    52    43    29    
40    47    47    48    39    
36    27    34    30    36    
37    45    22    38    35    
28    35    29    30    28    
31    19    35    17    29    
29    24    24    26    15    
21    19    26    15    26    
16    18    28    16    19    
11    14    18    14    14    
19    20    21    24    16    
20    18    15    23    13    
19    22    11    16    19    
11    12    19    21    12    
12    10    18    8    11    
13    12    15    11    14    
23    12    14    19    12    
18    13    13    14    18    
17    19    5    10    8    
12    10    10    11    6    
8    13    12    8    15    
10    22    17    20    15    
7    12    9    11    22    
13    14    7    16    9    
10    12    11    12    9    
9    15    15    13    14    
9    11    19    11    12    
13    16    16    15    14    
9    12    16    11    9    
9    12    12    17    4    
11    10    12    12    11    
17    13    8    10    16    
12    11    15    15    6    
12    12    11    12    11    
9    9    7    12    13    
7    11    14    11    9    
9    16    10    8    9    
12    7    11    18    8    
8    12    8    13    14    
11    9    5    14    17    
12    10    8    14    10    
15    9    10    10    13    
10    9    12    10    11    
11    13    13    5    17    
8    10    18    12    9    
12    10    10    11    9    
13    12    10    10    11    
12    13    9    8    10    
11    10    12    13    7    
10    9    6    12    9    
13    12    9    7    9    
9    13    18    11    16    
14    9    16    13    11    
6    13    15    7    6    
11    5    12    6    17    
15    7    11    9    7    
8    4    12    4    7    
6    19    7    10    6    
7    12    11    9    10    
4    10    10    9    14    
7    9    6    11    10    
5    8    11    8    8    
14    3    10    13    7    
5    7    11    9    12    
7    12    7    13    11    
13    10    4    9    5    
10    6    9    13    9    
9    5    4    6    6    
8    12    11    9    17    
15    10    5    14    8    
6    11    11    6    11    
9    13    12    5    8    
9    10    13    16    7    
9    10    4    9    11    
10    6    10    11    12    
14    13    8    8    9    
9    8    11    9    11    
17    16    7    11    8    
10    11    15    11    13    
8    14    12    16    14    
7    13    10    11    8    
10    7    14    12    8    
11    11    13    10    13    
10    11    10    8    3    
12    14    14    11    10    
9    11    13    8    7    
11    8    10    8    3    
10    13    5    12    9    
16    9    9    5    12    
11    4    13    7    12    
6    13    7    15    12    
18    11    8    11    9    
7    12    18    15    15    
9    6    8    9    14    
10    11    13    16    8    
4    9    8    4    9    
7    10    8    9    11    
13    15    10    7    7    
14    6    18    17    11    
12    12    7    12    10    
8    10    10    13    13    
10    9    12    7    14    
10    11    12    5    14    
10    6    8    7    8    
10    8    4    5    15    
7    10    8    6    11    
9    12    12    9    11    
8    9    10    14    4    
7    5    12    9    9    
6    11    4    10    5    
12    14    9    6    8    
7    10    11    7    6    
9    7    8    7    8    
4    13    13    14    10    
11    11    9    6    5    
6    7    3    3    4    
8    7    8    4    5    
8    12    7    7    4    
5    9    5    9    11    
7    8    4    5    10    
6    7    4    9    7    
7    7    10    9    8    
5    6    4    3    8    
7    8    5    8    8    
6    10    9    10    10    
6    5    1    5    8    
11    5    8    7    6    
10    3    8    12    6    
4    5    3    10    10    
9    6    10    8    7    
5    10    7    4    5    
6    6    2    7    4    
10    2    7    3    4    
9    6    9    4    7    
4    3    4    5    11    
7    8    5    5    5    
13    9    11    5    8    
5    5    8    9    7    
6    3    5    5    5    
14    5    5    5    5    
3    4    3    3    4    
7    8    10    4    1    
7    2    6    9    8    
4    8    8    8    4    
1    4    4    5    5    
6    7    3    4    7    
8    7    4    8    7    
7    9    6    8    10    
7    5    9    6    7    
5    11    9    7    3    
7    6    8    6    8    
6    9    5    12    5    
6    6    6    10    8    
5    7    7    3    5    
6    3    4    8    1    
4    8    7    7    10    
9    4    4    8    2    
8    7    5    7    6    
9    8    3    4    6    
5    6    3    7    10    
4    3    8    10    3    
9    8    4    3    7    
11    8    8    8    2    
4    10    3    4    10    
7    5    3    8    9    
2    2    9    5    9    
4    6    5    6    9    
8    5    10    4    6    
7    6    8    10    3    
7    3    6    5    6    
9    4    3    6    9    
9    5    7    9    11    
4    8    8    4    5    
4    6    4    3    7    
4    4    7    5    7    
5    4    6    6    4    
6    11    3    8    7    
10    8    7    4    5    
12    4    3    7    3    
4    5    4    4    7    
6    5    8    9    6    
4    4    4    7    7    
6    6    6    1    7    
9    5    2    9    5    
6    4    5    5    7    
8    2    3    4    4    
3    5    5    5    2    
5    3    7    6    9    
3    9    1    5    10    
6    5    2    5    4    
3    4    4    9    4    
3    3    4    3    3    
6    8    6    9    4    
3    5    5    4    6    
7    7    3    7    2    
4    4    2    7    3    
4    2    12    5    5    
4    8    5    3    5    
1    2    10    4    5    
5    2    3    3    7    
7    7    5    4    2    
0    5    2    4    5    
5    3    7    5    5    
3    0    8    5    2    
7    1    7    3    0    
6    3    4    3    8    
4    8    5    0    10    
6    5    3    3    2    
2    1    4    3    4    
6    5    6    6    3    
7    3    2    4    3    
6    5    5    3    5    
2    2    5    6    5    
2    9    3    5    5    
6    6    3    3    2    
6    5    3    4    4    
8    4    4    4    4    
4    1    4    3    6    
1    6    3    3    2    
3    5    5    2    3    
3    2    1    4    2    
3    8    1    5    3    
3    1    4    2    4    
4    3    4    0    1    
7    8    3    3    1    
6    7    3    8    2    
3    3    3    4    1    
3    3    3    1    3    
4    4    4    3    5    
4    6    1    6    1    
4    2    1    5    2    
5    4    6    4    3    
5    2    1    2    0    
2    4    3    1    2    
1    1    1    2    3    
4    0    3    2    1    
2    2    1    4    1    
3    3    0    1    3    
1    0    0    4    3    
3    5    1    2    5    
3    2    2    8    3    
2    2    3    4    3    
0    1    4    6    1    
4    3    4    1    3    
1    2    5    5    3    
2    5    2    3    4    
2    1    4    5    5    
4    6    5    2    1    
7    2    1    4    5    
5    2    4    7    2    
2    5    3    3    7    
1    1    0    2    7    
3    2    5    0    1    
3    2    4    5    3    
4    3    2    1    1    
3    6    0    3    3    
0    5    4    4    4    
8    2    2    0    6    
1    5    1    3    7    
3    8    6    3    4    
1    5    3    1    2    
3    5    4    6    4    
5    4    3    1    2    
4    8    4    2    5    
1    8    1    5    5    
6    4    6    2    3    
3    5    5    4    3    
2    4    3    6    2    
5    4    1    5    10    
8    5    7    4    2    
7    5    6    13    9    
7    6    6    6    3    
7    5    9    3    5    
6    1    5    4    6    
7    4    7    7    8    
4    5    12    3    4    
5    3    8    7    11    
6    9    12    5    8    
4    3    8    7    15    
4    7    11    8    4    
9    9    7    5    4    
10    9    7    7    6    
10    3    9    7    9    
6    8    5    15    10    
9    15    6    6    5    
10    10    10    8    6    
4    12    7    6    13    
8    10    12    11    8    
6    7    6    13    9    
11    6    6    11    14    
7    4    5    10    6    
8    7    11    12    5    
5    12    8    6    5    
13    9    8    10    12    
8    13    5    6    8    
8    7    8    7    6    
5    13    6    10    6    
4    7    1    12    9    
5    4    7    6    12    
9    6    7    8    7    
4    6    8    9    5    
5    5    5    6    10    
2    9    6    5    8    
4    4    4    3    1    
6    3    4    4    2    
5    3    2    4    7    
3    4    2    4    4    
4    5    1    2    1    
4    6    2    8    6    
4    3    4    3    4    
2    7    4    3    2    
5    0    2    1    3    
6    7    4    3    3    
2    3    2    0    2    
7    2    3    2    1    
6    3    2    4    8    
1    1    3    1    1    
3    1    5    4    3    
3    2    1    1    2    
2    4    2    1    2    
1    1    2    3    2    
2    0    3    6    2    
3    2    1    0    3    
1    1    4    1    4    
2    2    1    0    0    
2    1    2    0    0    
2    4    3    2    3    
0    1    2    2    1    
1    1    0    1    1    
0    1    1    0    1    
1    3    1    1    1    
2    5    1    1    3    
1    3    0    3    3    
0    2    0    1    0    
1    3    3    3    2    
2    1    0    2    2    
1    6    1    3    0    
0    3    1    3    1    
4    4    2    0    4    
2    5    0    1    2    
2    1    2    2    1    
2    2    4    1    3    
1    1    0    0    0    
1    2    4    1    0    
1    1    1    2    2    
1    0    1    0    0    
2    0    2    0    0    
1    1    0    2    3    
3    1    4    1    1    
1    3    3    1    2    
2    0    3    0    0    
1    2    1    3    0    
1    3    0    1    0    
1    1    0    3    0    
1    1    2    3    1    
2    2    3    1    1    
0    1    1    0    1    
4    0    2    1    1    
0    4    3    0    1    
2    1    2    1    2    
1    1    3    1    0    
1    0    2    5    0    
2    0    2    0    4    
2    2    0    2    1    
1    2    1    1    1    
1    1    0    2    0    
2    3    3    0    0    
1    2    1    1    3    
2    2    1    2    2    
0    1    1    1    0    
2    1    0    1    0    
1    1    1    1    0    
0    2    2    0    0    
2    1    1    0    1    
0    0    0    4    2    
0    1    0    2    3    
2    1    3    1    2    
2    4    1    2    0    
2    0    2    0    0    
0    3    3    1    0    
3    4    0    1    2    
0    2    1    1    4    
1    1    1    2    0    
1    2    0    1    2    
0    0    0    1    2    
1    1    1    2    1    
2    1    2    5    4    
2    1    2    2    3    
0    1    0    0    2    
0    0    1    1    0    
2    0    3    2    2    
1    1    1    1    1    
0    1    2    4    4    
1    3    1    4    1    
0    0    1    2    4    
2    0    1    2    1    
2    3    0    2    1    
1    2    1    1    1    
1    4    2    2    2    
1    1    1    2    1    
3    1    1    1    0    
0    2    2    4    4    
3    0    1    1    2    
0    2    3    0    2    
4    0    2    2    2    
1    3    2    3    1    
3    2    0    3    2    
1    3    2    1    0    
3    3    1    2    4    
2    1    0    2    1    
1    2    0    1    0    
3    0    2    2    3    
3    0    1    1    2    
0    2    1    0    2    
2    0    1    0    2    
0    1    2    3    2    
2    2    0    2    1    
1    1    1    0    3    
0    0    0    0    1    
0    1    0    3    5    
4    1    1    1    2    
2    1    2    0    1    
1    0    2    0    2    
0    0    3    3    0    
2    0    0    2    2    
2    1    1    2    0    
0    0    1    4    2    
2    0    0    0    0    
1    0    3    1    0    
1    2    0    2    1    
0    1    0    1    3    
1    0    0    2    1    
2    0    1    3    1    
1    0    3    0    1    
1    1    0    2    1    
0    1    0    0    0    
2    3    2    0    1    
3    0    1    1    1    
2    2    1    1    2    
3    1    3    3    1    
1    0    2    1    0    
1    0    2    1    1    
2    0    1    0    1    
0    1    2    0    0    
1    1    1    1    0    
1    2    1    0    0    
1    0    0    0    0    
2    1    1    1    1    
1    0    0    3    1    
0    0    0    0    1    
0    3    0    2    3    
1    0    1    0    2    
0    1    1    1    0    
1    2    1    2    1    
1    0    1    2    2    
0    0    0    2    0    
2    1    0    0    2    
0    1    1    2    1    
4    0    4    0    1    
0    0    0    0    2    
1    0    2    2    1    
1    0    0    1    0    
0    2    0    1    2    
1    3    1    1    0    
1    0    0    1    0    
2    0    3    1    1    
2    0    0    1    0    
1    1    1    0    1    
1    3    1    1    2    
0    1    2    1    0    
2    2    0    1    0    
1    0    1    0    0    
1    1    0    1    1    
0    2    0    0    1    
1    0    0    0    1    
0    0    1    0    4    
1    0    0    1    0    
1    2    0    0    0    
0    0    1    2    2    
1    0    0    1    2    
1    1    2    1    0    
1    0    1    3    1    
1    2    0    0    1    
0    0    0    2    0    
2    0    2    3    1    
0    0    1    0    2    
1    1    3    0    1    
2    0    0    1    0    
2    1    1    0    2    
0    0    0    0    1    
2    0    0    0    1    
2    3    0    1    1    
0    0    1    1    0    
1    3    2    0    0    
0    3    0    1    2    
1    0    0    0    1    
1    0    1    0    1    
2    1    0    0    0    
1    0    0    1    2    
1    1    1    1    0    
1    0    0    0    1    
2    0    1    3    1    
1    1    4    0    0    
1    1    0    0    1    
1    1    1    2    0    
1    1    1    0    0    
1    0    0    0    1    
0    0    1    2    1    
1    1    1    0    2    
0    3    1    0    0    
1    0    1    2    1    
2    2    0    0    1    
1    0    0    1    2    
0    0    1    0    0    
1    0    1    1    3    
1    2    0    1    1    
0    0    0    1    0    
2    1    0    2    0    
2    0    0    0    1    
3    1    0    1    5    
0    1    1    1    2    
3    2    2    2    1    
0    1    5    1    1    
2    3    1    1    2    
0    1    2    0    0    
1    2    1    2    1    
1    1    1    2    3    
0    0    1    1    1    
2    1    3    3    1    
2    2    4    0    0    
4    1    0    3    2    
1    3    2    1    1    
2    2    2    1    0    
1    4    2    2    3    
3    1    2    0    3    
1    2    1    1    2    
1    0    3    0    2    
0    1    1    3    4    
3    2    1    3    1    
3    2    0    2    0    
1    1    2    2    1    
0    1    1    1    0    
1    2    2    1    1    
2    1    2    1    0    
2    0    2    0    6    
1    0    3    3    0    
0    2    2    0    1    
3    0    1    1    4    
3    1    1    0    1    
2    0    1    2    2    
1    2    1    1    1    
0    2    0    2    0    
2    1    0    3    0    
2    3    0    1    1    
2    0    2    2    0    
1    2    2    2    0    
3    0    1    2    0    
2    1    0    1    2    
0    1    3    0    0    
3    2    1    0    1    
0    1    0    2    0    
2    2    4    1    0    
1    1    0    2    0    
1    2    2    0    2    
0    1    1    1    2    
1    1    0    1    1    
4    3    0    0    0    
3    0    1    1    2    
0    2    2    3    0    
2    3    0    1    0    
1    1    1    2    1    
2    0    0    1    1    
2    0    1    0    1    
0    1    1    2    1    
1    1    0    1    3    
1    3    1    1    1    
0    0    0    0    2    
1    1    2    0    2    
0    0    0    2    1    
1    3    2    1    1    
2    1    1    2    1    
0    2    0    0    0    
1    1    1    0    0    
1    0    0    2    1    
1    0    1    2    0    
1    1    0    0    1    
0    1    0    1    0    
0    0    1    0    0    
2    0    0    0    0    
0    0    0    0    0    
0    0    0    0    0    
0    0    0    0    0    
0    0    0    0    0    
0    0    0    0    0    
0    0    0    0    0    
0    0    0    0    0    
0    0    0    0    0    
0    0    0    0    0    
0    0    0    0    0    
0    0    0    0    0    
0    0    0    0    0    
0    