.DATE:    1/ 1/2002 Time :02:21:54   FILE :cesium-110.txt
ID:\Spectrum ID
Dwell Time :98µs  Sync Pulse :External  Channel Advance :Internal
CHNLS:4096 RT:  500   HWLT:  500   CRLT:  500
1339    991    1060    995    947    
987    1005    971    1000    1019    
960    917    898    967    951    
950    1026    1008    988    958    
945    988    917    893    949    
919    915    910    921    922    
908    861    894    937    866    
915    829    872    895    908    
909    859    881    901    863    
884    906    881    855    886    
851    836    830    867    834    
862    839    866    889    842    
856    876    892    877    841    
806    779    823    793    777    
798    817    805    827    851    
797    850    820    818    828    
789    800    823    809    812    
785    831    781    782    862    
807    804    836    854    815    
824    784    817    764    785    
799    776    818    794    816    
858    848    863    890    855    
842    833    844    884    892    
856    864    853    870    898    
931    881    911    910    878    
939    897    896    995    959    
946    978    955    966    928    
980    992    960    1003    961    
915    959    1019    940    922    
983    930    951    963    960    
933    923    858    947    939    
856    825    885    854    869    
779    764    815    774    778    
736    725    770    655    661    
667    658    622    603    631    
654    605    599    600    607    
572    541    553    524    526    
468    558    546    530    536    
497    485    499    501    537    
481    531    514    522    471    
501    480    539    546    485    
510    486    520    525    519    
498    524    518    527    587    
533    541    543    559    535    
533    594    598    568    585    
571    614    606    564    633    
581    633    597    584    576    
623    611    642    614    647    
594    594    635    623    622    
656    589    658    645    645    
620    644    606    621    595    
606    560    631    602    608    
548    576    535    546    577    
553    558    550    524    530    
510    509    529    442    458    
471    443    468    447    435    
433    411    383    421    386    
344    389    388    381    331    
351    300    332    345    322    
305    301    302    289    296    
278    277    270    266    231    
251    246    228    257    220    
236    212    225    190    217    
230    229    187    215    181    
196    193    191    187    185    
189    193    183    176    182    
184    166    183    158    163    
168    165    167    175    156    
145    160    156    162    158    
130    159    143    142    151    
148    138    148    154    143    
147    149    125    152    132    
146    142    132    118    126    
118    111    124    138    128    
116    137    107    127    114    
125    103    104    108    111    
124    132    107    121    117    
94    97    118    97    106    
111    118    118    111    133    
111    120    98    112    106    
106    107    88    115    107    
110    110    120    89    92    
105    99    102    83    91    
102    97    96    93    102    
108    99    92    91    102    
105    97    95    101    105    
85    91    85    94    69    
93    79    91    80    95    
99    89    77    74    99    
84    93    94    91    86    
111    84    105    90    84    
81    81    75    74    76    
68    65    82    77    80    
81    65    81    81    53    
82    72    58    75    79    
77    73    74    66    78    
66    76    61    59    67    
52    69    69    72    57    
53    76    48    47    63    
56    66    76    76    62    
61    63    50    61    62    
57    63    69    76    52    
57    47    62    45    62    
66    60    76    50    56    
60    43    56    43    56    
74    58    72    68    59    
44    43    36    58    40    
61    40    58    44    53    
52    37    47    50    51    
55    46    45    41    53    
47    51    60    60    44    
48    63    48    50    41    
50    41    49    44    56    
51    40    38    50    52    
60    45    43    50    58    
38    42    64    49    38    
59    43    50    49    49    
43    41    57    48    38    
43    48    45    46    48    
46    45    55    48    44    
38    46    50    44    49    
54    54    40    40    39    
51    41    39    35    41    
49    43    43    43    30    
49    46    48    49    36    
47    53    45    46    47    
35    45    38    38    43    
37    45    51    34    38    
37    39    37    49    37    
28    37    53    34    33    
43    48    42    45    35    
40    38    48    30    38    
39    38    54    35    34    
43    37    45    40    39    
37    33    35    43    35    
32    36    39    22    42    
31    37    37    29    34    
41    40    39    40    35    
42    32    36    38    33    
24    18    40    41    43    
37    38    40    27    29    
32    28    27    29    34    
24    30    27    39    32    
31    28    36    27    25    
25    28    34    31    41    
30    37    30    30    28    
34    28    36    39    43    
34    38    34    26    34    
37    22    25    34    38    
29    42    29    34    31    
35    39    32    35    31    
33    24    39    31    33    
25    22    30    32    38    
28    37    30    35    35    
24    22    21    40    26    
28    34    32    28    35    
27    31    29    29    19    
29    30    26    26    18    
16    29    30    33    25    
28    28    31    34    25    
24    29    28    36    34    
31    25    27    26    29    
30    24    32    28    20    
31    29    23    24    27    
23    18    25    30    15    
22    20    29    22    29    
25    20    27    26    25    
43    21    23    19    27    
16    21    23    27    25    
26    19    19    38    34    
17    34    25    25    21    
34    25    29    20    25    
26    29    34    33    33    
29    25    23    29    23    
28    33    31    33    33    
31    22    25    34    28    
29    33    31    24    24    
22    34    22    36    28    
36    27    25    28    30    
28    15    33    20    22    
15    49    25    26    22    
34    25    28    23    27    
31    20    34    25    37    
26    21    34    25    23    
23    42    28    27    33    
27    36    37    30    33    
25    22    32    29    26    
33    25    35    26    28    
32    28    24    27    24    
22    35    26    37    33    
27    23    28    14    26    
31    20    24    36    39    
29    30    32    15    32    
27    30    30    40    34    
29    47    31    42    31    
31    28    39    47    32    
40    39    38    30    41    
45    36    32    37    38    
36    41    36    36    46    
40    36    49    34    43    
44    51    49    38    44    
44    57    44    58    50    
50    49    55    54    43    
55    58    50    58    47    
62    64    51    56    56    
64    55    60    51    63    
71    55    58    68    62    
72    59    54    57    64    
47    74    51    51    65    
60    60    63    60    53    
62    64    64    57    69    
53    57    51    45    53    
50    53    59    54    56    
41    68    50    42    48    
47    47    47    49    33    
45    50    46    31    49    
31    31    53    41    50    
35    55    29    32    38    
27    41    30    30    30    
38    33    34    24    13    
27    23    21    28    17    
23    24    21    22    26    
15    28    19    17    22    
22    13    11    16    14    
12    20    18    19    9    
19    12    8    13    9    
13    9    9    14    16    
11    16    16    19    17    
19    17    8    12    18    
9    9    13    10    18    
10    9    5    12    11    
15    10    6    10    21    
15    20    17    9    11    
7    11    12    9    13    
9    12    19    14    19    
13    4    14    5    12    
14    15    8    12    6    
15    11    10    12    9    
10    10    7    12    7    
17    14    14    8    12    
9    7    11    11    13    
16    8    7    14    7    
13    15    14    5    9    
11    6    5    8    10    
18    6    6    14    7    
7    18    14    4    11    
12    9    9    10    10    
15    8    12    14    7    
12    16    11    11    9    
15    6    11    9    15    
17    12    11    14    11    
9    8    10    11    12    
16    10    9    11    11    
15    5    11    10    11    
13    13    10    7    12    
18    8    9    11    18    
8    7    16    11    10    
19    13    13    8    16    
9    13    5    8    13    
16    15    8    9    10    
13    7    12    10    8    
10    14    13    8    7    
9    13    9    10    2    
6    8    11    9    7    
10    11    8    9    13    
12    6    18    10    10    
12    7    12    13    11    
7    7    15    7    11    
10    8    12    13    7    
16    8    11    17    9    
12    5    10    2    13    
12    6    12    3    11    
5    7    11    16    8    
13    9    7    13    14    
16    9    7    7    17    
11    13    13    7    10    
5    9    9    7    10    
8    12    6    6    11    
9    5    6    9    6    
11    17    5    5    9    
10    5    14    8    4    
9    11    10    7    14    
14    9    7    9    9    
8    8    13    9    10    
7    5    15    7    9    
10    8    6    7    11    
5    12    8    8    10    
5    6    10    6    6    
9    6    10    10    15    
9    8    13    8    9    
13    11    6    7    11    
12    7    6    8    7    
7    7    14    16    9    
10    21    9    8    11    
21    16    11    9    11    
7    14    8    16    9    
4    6    14    12    14    
7    7    7    6    9    
6    10    8    11    13    
12    13    7    9    14    
8    15    13    16    8    
20    9    11    9    10    
8    11    12    11    10    
7    8    12    10    8    
6    7    4    5    8    
13    8    10    9    18    
9    9    5    14    8    
11    15    9    12    11    
9    13    10    6    8    
4    7    8    9    13    
8    9    3    7    14    
6    8    8    12    10    
11    7    7    4    12    
9    6    8    10    9    
11    11    4    8    7    
8    8    7    7    15    
14    11    10    11    13    
7    10    9    8    9    
6    13    13    9    6    
7    12    7    6    8    
8    10    7    6    4    
6    6    7    9    8    
7    10    7    4    9    
10    9    7    11    8    
7    5    8    6    9    
6    6    17    6    9    
4    11    7    9    9    
7    6    9    9    4    
8    6    8    7    8    
1    3    11    4    10    
5    8    13    7    1    
8    6    7    4    7    
7    10    6    6    5    
7    8    13    8    7    
9    5    10    6    6    
10    5    7    5    7    
4    9    10    4    8    
6    3    6    4    10    
12    8    6    5    10    
6    6    8    9    4    
4    4    6    9    8    
4    5    4    6    4    
2    7    1    8    1    
7    3    8    3    3    
7    9    7    10    9    
5    7    4    7    4    
4    6    5    5    5    
3    9    7    5    7    
6    5    8    6    7    
6    5    6    5    4    
5    10    9    6    5    
7    4    7    5    6    
9    6    6    6    3    
8    8    4    3    3    
6    5    5    7    4    
7    6    10    8    7    
6    9    4    8    7    
8    4    6    7    5    
7    6    10    3    4    
6    8    7    4    9    
7    6    4    10    7    
10    10    7    8    8    
6    8    5    4    2    
4    4    3    4    11    
10    5    4    6    8    
9    8    5    4    2    
3    8    2    5    5    
6    7    8    10    7    
6    2    11    5    9    
8    7    7    11    5    
3    4    8    6    6    
5    8    0    6    6    
11    6    4    5    7    
9    8    9    3    6    
9    5    8    5    10    
11    6    3    9    9    
6    6    7    3    8    
6    9    5    3    8    
9    4    7    4    11    
4    10    8    4    7    
5    6    9    7    8    
7    4    5    6    8    
8    3    3    5    4    
5    8    8    4    3    
8    5    3    5    14    
1    8    6    6    7    
2    5    9    4    11    
4    5    6    8    7    
6    5    4    6    4    
6    10    4    3    6    
7    9    6    6    2    
5    9    3    6    8    
4    7    5    6    4    
5    9    6    4    6    
5    6    10    3    5    
6    4    6    4    0    
8    2    5    9    9    
7    4    6    2    4    
6    6    8    4    6    
5    6    6    0    6    
3    8    3    8    7    
7    12    7    3    6    
7    0    12    1    3    
4    4    5    5    8    
5    2    5    2    5    
4    5    2    7    3    
1    6    7    4    5    
5    3    9    4    4    
5    6    2    5    3    
4    4    3    3    1    
6    8    4    9    2    
4    3    3    3    7    
6    6    5    3    2    
3    3    6    2    4    
3    3    3    4    6    
7    0    3    3    3    
1    5    5    3    7    
4    4    4    4    3    
11    6    3    5    5    
5    3    8    2    6    
0    2    5    4    8    
3    3    5    3    4    
3    3    1    4    3    
1    5    4    2    2    
1    7    5    6    6    
5    6    9    2    2    
1    3    2    3    4    
1    8    8    6    2    
8    3    7    3    3    
3    1    2    4    5    
2    4    3    2    6    
3    5    3    1    3    
7    9    2    5    7    
2    3    7    3    2    
3    5    2    6    8    
4    1    4    3    2    
3    2    3    2    3    
3    0    1    3    5    
3    3    3    3    0    
8    4    0    5    3    
3    5    2    2    1    
3    3    3    7    3    
3    3    6    1    3    
4    1    2    1    3    
6    1    2    2    5    
2    3    3    1    2    
4    2    6    1    2    
4    3    3    2    1    
2    1    5    3    2    
4    2    5    1    4    
4    2    4    2    1    
2    3    2    3    2    
4    3    3    3    1    
6    0    1    3    4    
6    1    3    0    1    
5    3    0    0    4    
4    5    1    8    2    
2    2    3    4    7    
2    6    3    3    4    
1    1    1    5    3    
2    2    0    2    3    
3    4    4    3    0    
2    4    2    1    0    
5    3    2    3    4    
3    1    4    5    2    
2    8    3    4    0    
3    2    5    1    6    
3    5    3    5    4    
5    0    5    4    3    
0    2    1    2    4    
3    3    4    6    4    
6    4    2    1    3    
1    1    7    5    0    
3    3    3    2    7    
2    7    8    2    5    
5    5    0    0    7    
4    4    5    5    4    
3    5    4    5    11    
4    4    4    1    4    
7    1    2    4    8    
6    5    4    4    11    
5    5    6    6    6    
4    1    5    3    6    
7    5    3    3    10    
2    5    3    6    3    
4    5    9    5    3    
8    7    8    4    8    
7    4    4    4    5    
2    12    3    11    6    
5    5    10    6    4    
7    4    6    8    5    
9    6    6    3    7    
13    7    13    6    6    
14    5    9    11    10    
4    15    8    14    12    
4    5    5    9    5    
10    5    11    11    6    
4    12    10    6    9    
2    6    7    8    11    
15    6    10    9    3    
7    5    11    8    11    
11    9    10    17    12    
5    6    15    2    3    
2    8    10    6    6    
6    8    5    7    10    
8    10    4    8    7    
12    5    4    8    11    
5    6    12    4    9    
4    8    6    5    6    
1    5    7    4    14    
7    6    8    4    7    
4    7    7    5    5    
6    5    6    7    3    
3    9    5    2    5    
3    7    8    6    4    
5    2    5    5    7    
3    1    5    4    2    
3    5    6    6    3    
2    4    4    0    5    
5    3    3    0    1    
6    3    4    3    3    
2    2    0    5    0    
0    0    5    0    2    
3    4    2    1    2    
2    2    2    1    3    
2    4    5    4    3    
0    2    4    2    1    
0    3    4    4    3    
3    2    4    2    5    
3    6    3    1    3    
2    2    1    1    2    
3    3    1    3    3    
4    2    2    3    2    
1    0    2    2    3    
7    3    3    0    5    
4    1    0    1    3    
1    0    0    0    3    
3    0    3    4    2    
2    3    3    0    5    
2    2    1    1    0    
1    0    1    2    0    
3    1    3    1    2    
2    1    4    4    2    
2    3    3    2    2    
2    2    1    0    0    
4    1    0    2    0    
0    0    0    4    2    
0    2    2    1    0    
7    1    1    1    0    
0    2    6    0    0    
1    0    0    1    3    
2    1    2    1    1    
2    2    2    2    1    
3    1    0    4    2    
3    0    1    1    0    
3    2    2    1    2    
2    2    0    0    1    
1    2    3    0    3    
1    0    0    1    1    
2    5    1    2    3    
1    1    1    3    3    
0    0    1    1    1    
3    2    0    0    2    
5    3    1    0    4    
1    2    2    2    3    
0    0    0    0    0    
1    2    0    1    1    
5    1    1    0    2    
0    0    1    1    0    
4    1    1    2    1    
4    0    0    0    1    
2    5    3    1    0    
0    0    1    0    3    
0    0    0    3    3    
3    1    2    2    1    
2    1    4    0    3    
2    0    2    1    1    
0    1    0    2    1    
3    2    0    2    2    
1    4    0    0    2    
3    3    2    1    1    
1    0    0    1    2    
0    1    1    4    0    
0    1    0    0    1    
3    2    1    1    1    
1    1    1    0    0    
1    0    1    0    1    
0    3    2    1    0    
0    1    2    0    1    
0    2    0    2    1    
0    0    0    1    2    
1    0    4    1    3    
8    1    2    2    0    
2    3    1    3    0    
1    1    2    2    2    
2    3    1    2    0    
1    1    4    0    1    
2    0    1    5    0    
4    2    3    2    3    
2    1    2    1    1    
2    2    0    1    2    
3    2    3    0    5    
3    2    2    3    2    
2    3    2    1    0    
1    1    4    2    0    
4    5    3    2    2    
2    1    4    3    0    
0    2    2    1    2    
6    0    2    1    1    
4    1    2    1    1    
2    1    1    4    3    
2    1    1    1    4    
2    1    1    2    2    
4    0    1    1    4    
1    2    2    2    1    
1    0    1    2    1    
1    1    1    5    1    
3    0    0    4    0    
1    2    2    1    0    
1    2    1    2    0    
2    1    0    0    0    
0    0    0    2    3    
2    0    1    1    1    
3    3    3    1    2    
1    0    1    2    2    
0    1    3    3    0    
1    0    1    1    2    
1    2    3    0    1    
0    1    2    2    2    
0    1    0    0    0    
2    0    3    1    0    
3    1    3    1    5    
0    0    0    1    1    
0    0    4    2    1    
2    0    0    1    2    
0    1    1    2    1    
1    0    1    3    2    
0    0    2    0    0    
0    1    0    2    0    
3    1    1    1    1    
0    0    0    0    0    
3    3    0    2    4    
0    0    0    0    1    
0    1    1    1    1    
0    2    1    0    4    
2    3    0    0    0    
2    1    2    2    2    
1    0    1    0    1    
1    0    1    0    0    
0    1    1    1    0    
1    0    0    3    1    
2    0    2    2    2    
2    1    0    1    0    
1    0    0    0    1    
2    2    0    2    0    
1    4    1    0    2    
1    1    0    1    0    
1    0    0    0    2    
0    2    1    1    0    
1    0    1    0    3    
0    0    0    0    2    
1    1    1    0    0    
0    1    1    1    0    
0    0    1    0    0    
0    1    0    2    0    
0    0    0    2    1    
0    4    0    2    0    
2    0    1    0    1    
0    1    1    0    0    
0    0    0    0    1    
0    1    2    2    1    
2    1    3    1    0    
1    1    2    0    1    
0    1    1    0    0    
1    2    1    2    0    
3    0    0    1    0    
1    1    0    0    2    
2    1    0    1    0    
0    1    2    1    0    
1    0    2    1    0    
0    1    0    1    1    
2    1    1    1    0    
2    0    0    0    1    
3    2    0    4    1    
0    2    1    0    0    
0    1    0    0    0    
0    3    0    0    1    
1    0    0    1    2    
0    2    2    1    0    
0    1    0    0    0    
1    1    0    1    1    
0    0    0    1    7    
1    1    0    1    0    
0    1    1    0    3    
2    1    0    2    2    
1    0    0    1    1    
0    1    1    0    0    
0    0    0    1    0    
0    0    0    0    0    
0    0    0    0    1    
2    0    0    1    1    
1    3    1    1    0    
3    0    1    0    0    
1    2    0    0    1    
1    2    0    0    1    
0    1    0    0    2    
1    0    0    1    0    
0    1    0    1    1    
0    2    0    0    1    
0    0    1    0    1    
0    0    0    0    1    
0    1    0    0    2    
1    2    2    1    0    
2    0    3    0    2    
1    0    0    1    1    
0    2    1    0    4    
0    0    2    2    1    
2    2    0    0    1    
0    2    0    0    1    
0    0    0    0    0    
0    2    0    1    3    
1    2    2    0    0    
0    1    0    1    0    
0    0    2    1    2    
0    0    2    1    0    
1    3    2    1    2    
0    1    2    1    3    
3    1    0    1    2    
1    1    0    3    1    
1    1    1    0    1    
0    1    2    1    0    
0    2    1    1    2    
2    0    2    3    2    
2    0    0    2    0    
1    0    4    1    2    
2    2    1    1    1    
2    3    3    2    1    
4    1    2    2    1    
2    2    1    1    3    
2    3    0    2    0    
4    2    1    1    1    
3    1    6    1    0    
1    0    2    2    4    
4    2    0    0    1    
0    1    1    3    1    
1    3    2    1    2    
0    3    0    4    2    
1    1    2    2    1    
1    0    1    1    1    
1    3    4    1    0    
0    2    0    1    4    
1    1    2    1    2    
0    0    2    3    0    
1    2    0    4    5    
0    3    4    3    0    
0    1    2    2    0    
0    2    0    1    1    
2    0    1    1    2    
2    1    0    1    2    
1    1    1    2    1    
4    1    2    2    0    
0    0    2    3    0    
1    0    1    1    0    
3    2    1    1    0    
3    4    2    1    1    
0    1    1    3    3    
2    0    0    0    1    
2    1    3    0    0    
2    1    1    0    1    
1    1    0    0    1    
2    2    2    3    0    
0    0    1    2    2    
2    1    0    1    1    
0    1    1    0    2    
1    1    1    2    1    
1    1    1    1    0    
1    0    1    2    1    
2    1    2    1    3    
1    1    1    0    1    
1    0    0    3    3    
1    0    2    1    2    
2    3    1    0    1    
1    2    0    0    3    
0    0    1    1    1    
1    2    1    0    1    
0    0    1    1    2    
0    0    0    1    0    
0    0    0    0    0    
1    1    2    1    0    
0    1    1    0    1    
0    1    1    1    0    
1    0    0    2    0    
1    0    1    0    1    
1    0    0    0    4    
0    0    1    1    0    
0    0    0    0    1    
2    0    1    1    0    
1    0    0    0    0    
0    0    0    2    0    
2    2    0    1    1    
1    1    1    0    0    
0    0    0    1    0    
0    0    0    0    0    
1    0    0    1    0    
1    0    0    1    0    
0    1    2    2    0    
1    1    0    0    0    
0    0    0    0    0    
0    0    0    0    0    
0    0    0    0    0    
0    0    0    0    0    
0    0    0    0    0    
0    0    0    0    0    
0    0    0    0    0    
0    0    0    0    0    
0    0    0    0    0    
0    0    0    0    0    
0    0    0    0    0    
0    0    0    0    0    
0    