.DATE:    1/ 1/2002 Time :00:54:40   FILE :cesium-45-new.txt
ID:\Spectrum ID
Dwell Time :98µs  Sync Pulse :External  Channel Advance :Internal
CHNLS:4096 RT:  500   HWLT:  500   CRLT:  500
1751    1340    1289    1260    1299    
1352    1395    1315    1322    1285    
1305    1315    1269    1243    1242    
1198    1252    1269    1319    1236    
1264    1268    1220    1285    1290    
1199    1249    1300    1182    1230    
1255    1215    1206    1190    1212    
1185    1269    1164    1208    1169    
1184    1159    1195    1152    1139    
1087    1164    1165    1132    1118    
1157    1087    1120    1106    1103    
1115    1105    1110    1120    1116    
1098    1070    1033    1089    1090    
1066    1135    1099    1035    1057    
1070    1051    1045    1080    1084    
1059    1100    1041    1076    1035    
1072    1082    1075    1082    1109    
1066    1071    1062    1080    1108    
1079    1039    1017    1070    1054    
1036    999    1066    1054    1046    
1040    1057    1036    1062    1099    
1114    1084    1115    1104    1052    
1106    1017    1108    1171    1113    
1111    1107    1151    1109    1137    
1188    1119    1124    1184    1200    
1179    1169    1265    1191    1168    
1285    1226    1245    1226    1238    
1211    1292    1251    1328    1276    
1310    1272    1189    1285    1300    
1253    1311    1241    1280    1301    
1224    1227    1306    1316    1230    
1192    1235    1203    1182    1147    
1143    1194    1199    1218    1101    
1067    1118    1060    1072    1008    
1008    1004    1007    970    911    
891    927    848    849    818    
849    807    851    833    774    
769    769    778    760    731    
647    723    724    694    691    
657    685    643    654    630    
646    604    580    599    619    
588    606    586    608    591    
562    549    592    539    571    
540    590    551    540    530    
536    564    559    567    495    
534    522    527    504    559    
501    498    484    480    495    
507    513    511    505    500    
448    445    500    470    467    
430    483    468    483    499    
444    477    412    432    464    
417    464    462    459    471    
419    393    399    439    438    
412    475    416    398    400    
401    427    405    427    395    
419    396    346    382    408    
366    394    361    383    389    
379    372    401    400    364    
390    435    374    392    353    
358    380    359    384    397    
326    358    369    379    327    
345    344    385    350    360    
362    334    344    357    334    
359    334    315    360    355    
372    316    325    339    324    
324    356    340    336    321    
353    308    342    299    327    
322    312    293    308    306    
292    323    318    309    304    
288    337    329    333    313    
293    312    316    337    289    
285    279    262    298    326    
292    319    291    284    271    
297    295    299    264    300    
290    283    287    289    275    
305    260    289    280    283    
275    292    276    287    296    
272    276    275    262    232    
271    277    293    278    276    
257    286    259    238    253    
240    263    250    243    251    
250    234    273    241    230    
250    267    245    243    225    
228    248    265    238    267    
242    254    250    228    223    
270    241    226    227    249    
228    238    251    244    254    
224    232    217    235    224    
232    233    267    214    233    
204    200    232    240    210    
216    215    220    213    233    
234    234    225    225    202    
237    220    205    228    200    
203    213    238    242    203    
219    220    199    216    219    
186    211    211    209    224    
214    227    188    202    205    
218    187    207    223    223    
200    193    211    187    213    
194    194    196    210    226    
218    199    212    181    202    
169    200    191    180    206    
218    197    189    196    185    
210    210    183    207    198    
198    206    204    195    192    
204    190    180    167    214    
192    196    187    192    192    
190    178    221    211    186    
210    212    189    185    197    
193    188    193    200    178    
190    184    202    218    182    
217    207    198    185    213    
208    203    193    225    198    
223    207    224    220    232    
223    220    225    240    224    
204    229    240    229    223    
227    237    236    224    219    
252    236    250    252    232    
213    231    266    247    243    
241    238    230    239    239    
251    250    264    249    244    
283    252    273    264    279    
242    254    263    284    269    
246    276    291    281    307    
288    258    310    267    288    
289    244    303    284    289    
287    305    269    308    312    
310    321    321    293    317    
288    289    333    312    365    
355    318    293    318    342    
347    335    328    342    345    
334    350    353    367    357    
334    369    336    335    359    
362    372    378    346    368    
387    374    388    383    427    
394    369    422    433    394    
376    371    399    368    405    
400    435    434    410    379    
447    412    427    425    428    
422    450    418    424    421    
404    431    430    459    418    
427    414    420    438    415    
429    459    447    447    456    
437    412    417    430    449    
443    428    447    439    452    
435    448    428    433    425    
447    440    453    442    441    
394    448    455    463    437    
421    453    470    451    463    
408    421    441    461    435    
447    431    426    392    399    
424    414    414    466    418    
405    418    421    428    433    
392    441    380    400    372    
382    416    372    398    400    
386    354    364    395    371    
354    364    368    346    346    
351    343    364    315    319    
318    309    339    330    288    
312    304    278    285    292    
297    272    278    267    292    
256    247    240    265    243    
242    266    275    209    224    
248    228    221    229    207    
222    206    208    179    204    
204    175    181    186    182    
156    171    181    158    171    
175    161    177    153    169    
134    163    140    138    128    
141    133    155    158    136    
110    130    115    107    102    
121    112    100    107    102    
107    119    122    100    91    
92    90    109    95    72    
72    94    83    81    69    
87    74    85    63    82    
85    70    81    92    92    
65    57    64    63    83    
66    71    62    64    63    
56    56    56    66    55    
75    75    79    53    54    
69    56    62    60    41    
47    64    58    59    52    
53    44    54    49    44    
38    44    56    44    47    
57    33    51    65    47    
53    44    55    40    41    
34    48    52    47    52    
40    49    61    44    41    
50    37    49    53    43    
44    48    32    36    40    
32    51    32    44    37    
39    44    41    43    42    
47    53    46    39    48    
49    42    46    26    56    
45    48    44    40    38    
47    51    42    46    40    
34    47    43    50    61    
54    52    36    41    52    
36    42    47    36    49    
44    50    39    51    57    
59    42    58    50    49    
54    51    53    54    52    
52    47    55    53    74    
61    51    65    51    53    
62    73    55    65    71    
62    82    54    60    69    
54    70    70    73    58    
53    63    59    60    67    
85    76    55    62    72    
54    78    68    70    65    
73    55    76    77    72    
76    92    70    62    69    
57    59    76    70    70    
57    45    64    62    60    
60    66    56    58    60    
49    55    52    59    54    
56    62    56    43    55    
46    43    49    49    47    
57    50    59    51    32    
37    46    38    32    38    
30    40    35    25    42    
36    34    38    27    32    
24    27    31    35    28    
26    29    29    23    18    
22    27    31    18    34    
25    18    15    27    24    
12    21    20    22    18    
20    18    14    12    12    
11    15    21    19    14    
20    22    21    17    18    
14    16    23    23    20    
8    17    12    11    14    
12    12    13    13    13    
12    12    6    14    18    
17    19    13    12    18    
20    12    7    10    17    
16    21    9    12    16    
10    11    18    7    11    
17    12    14    14    20    
13    12    11    19    12    
9    10    13    19    15    
13    13    13    13    13    
15    16    11    15    12    
10    11    9    8    14    
17    16    20    16    15    
12    19    15    18    21    
10    15    13    12    19    
13    14    8    14    5    
11    13    9    13    10    
7    13    12    14    10    
10    11    11    14    7    
9    10    11    16    12    
13    11    14    16    13    
9    15    11    16    8    
13    15    11    11    15    
12    9    15    8    14    
15    16    7    8    10    
6    6    10    11    13    
19    11    7    13    10    
15    16    9    13    13    
9    4    11    11    12    
11    11    11    15    13    
9    10    10    9    7    
11    9    6    13    15    
7    10    6    5    9    
18    9    8    13    11    
9    12    15    12    5    
11    8    7    17    8    
7    13    9    14    7    
9    12    6    11    6    
11    4    10    15    8    
13    11    5    10    8    
11    6    10    13    12    
14    13    5    6    9    
13    7    11    6    11    
6    8    7    7    11    
10    10    9    10    9    
7    9    11    6    15    
9    9    17    12    17    
7    10    6    14    8    
14    7    7    12    15    
7    9    15    18    10    
14    9    6    6    12    
6    4    10    8    15    
11    12    4    8    9    
7    8    16    15    8    
14    11    11    9    12    
13    13    10    7    3    
9    12    8    12    11    
5    13    8    5    11    
5    10    14    9    10    
8    5    8    16    10    
11    10    8    10    10    
8    12    7    11    9    
10    13    14    9    11    
8    11    11    8    16    
9    9    13    10    10    
14    11    5    8    10    
8    13    5    10    6    
8    9    15    7    13    
11    8    10    12    13    
10    15    9    12    9    
10    8    15    13    12    
8    9    8    12    9    
7    15    12    6    5    
10    11    10    11    11    
7    10    12    7    10    
12    10    15    16    7    
11    5    12    8    13    
10    5    9    15    15    
9    12    14    11    6    
10    14    15    6    7    
12    11    7    11    10    
10    9    10    8    15    
10    13    10    11    10    
7    8    12    8    8    
12    10    7    12    13    
15    6    10    11    8    
10    6    11    11    14    
11    10    18    14    9    
10    12    14    10    18    
8    11    11    17    13    
4    5    11    7    12    
6    12    12    7    14    
13    5    11    6    9    
6    12    8    11    11    
19    15    10    9    11    
12    10    10    7    11    
5    2    9    10    4    
13    13    7    6    7    
4    9    14    3    16    
8    11    9    9    7    
13    11    18    6    15    
9    6    10    7    7    
9    11    5    10    11    
7    10    8    6    8    
10    9    3    11    7    
8    10    7    11    6    
7    3    5    9    6    
5    14    4    9    8    
3    5    15    3    6    
6    7    3    5    5    
11    8    6    11    7    
8    3    7    7    7    
6    6    7    11    6    
7    3    9    13    8    
9    3    6    8    3    
5    6    4    10    9    
10    4    7    10    7    
6    17    7    8    3    
10    5    5    8    8    
6    8    3    12    6    
12    4    6    8    11    
7    8    4    4    3    
4    9    6    5    6    
6    7    5    8    3    
2    5    4    8    8    
5    10    9    5    11    
5    6    10    6    8    
10    4    6    5    5    
8    4    5    6    7    
9    10    10    7    12    
7    7    6    7    5    
7    5    5    3    11    
6    2    9    4    6    
9    2    5    3    7    
7    11    12    4    3    
8    6    3    9    6    
8    7    10    3    9    
9    8    10    6    0    
7    11    4    7    2    
7    8    4    6    9    
6    7    4    8    7    
3    5    9    7    9    
7    7    7    3    8    
6    4    4    6    5    
9    5    6    6    9    
5    7    11    14    6    
4    7    6    12    5    
7    7    11    5    5    
11    9    11    12    7    
3    8    8    12    4    
11    9    16    4    6    
8    8    9    4    5    
5    7    7    6    11    
6    5    4    10    9    
5    2    11    4    4    
7    9    3    8    8    
12    9    9    4    9    
4    4    12    6    10    
7    6    13    4    6    
10    4    9    6    5    
7    6    7    2    6    
5    10    10    4    6    
6    12    5    5    13    
3    6    4    6    6    
8    4    3    6    6    
3    5    6    6    5    
7    3    10    9    3    
10    4    10    4    4    
3    8    10    3    7    
6    7    8    6    8    
5    8    5    6    3    
5    3    6    14    5    
9    9    4    6    3    
4    8    5    5    9    
8    6    0    8    5    
4    2    4    6    6    
4    3    6    2    6    
8    5    2    8    7    
4    7    5    3    4    
4    6    3    6    5    
7    4    3    7    11    
5    6    8    4    4    
3    5    2    5    3    
7    3    5    10    3    
3    3    4    3    6    
5    1    4    8    3    
7    6    2    6    4    
6    8    2    3    7    
5    2    8    4    4    
3    4    3    8    6    
2    11    3    5    6    
4    6    5    3    5    
6    2    3    5    2    
4    4    5    2    9    
4    2    2    2    6    
5    4    5    7    1    
4    7    2    6    4    
3    4    9    4    2    
3    5    5    4    3    
6    5    1    4    4    
3    3    3    2    6    
3    4    1    7    4    
6    3    3    3    6    
5    1    2    2    1    
2    5    5    4    6    
0    3    2    5    4    
9    3    5    5    2    
5    3    3    8    5    
4    1    2    4    1    
4    5    3    5    4    
3    4    7    4    9    
3    5    2    6    5    
1    3    2    3    2    
3    4    6    0    7    
5    1    3    6    4    
2    3    5    5    4    
3    6    2    1    3    
2    4    3    6    5    
3    1    3    5    1    
2    3    3    3    3    
3    5    5    6    5    
3    2    4    5    3    
2    4    2    5    5    
4    3    2    0    3    
4    2    5    2    3    
5    4    2    0    5    
2    2    4    2    2    
4    6    2    3    5    
4    2    5    1    4    
3    5    1    4    2    
4    1    2    4    2    
2    4    7    2    4    
4    4    3    6    2    
2    3    4    4    4    
3    2    1    3    1    
2    5    3    3    3    
2    1    0    2    4    
2    4    8    3    4    
2    1    4    4    2    
4    1    0    5    2    
4    4    3    2    4    
2    2    1    5    5    
7    5    5    5    2    
3    2    3    3    4    
8    3    4    9    1    
4    6    3    3    3    
5    2    4    5    5    
2    9    3    3    9    
8    5    3    4    4    
6    1    7    6    4    
3    2    9    4    4    
4    3    6    9    6    
12    2    4    3    8    
3    8    6    6    6    
4    6    6    4    6    
7    5    7    6    3    
8    3    6    5    2    
3    8    8    7    6    
7    3    4    9    5    
6    5    6    9    7    
2    9    4    9    6    
6    10    8    5    8    
5    12    10    8    11    
7    7    3    4    2    
12    7    5    11    7    
9    8    12    8    9    
5    6    7    7    8    
6    8    8    8    7    
14    11    11    16    10    
11    11    6    12    12    
10    12    5    7    6    
1    5    9    10    6    
12    9    8    8    13    
11    8    6    7    10    
13    9    8    9    15    
10    9    10    10    10    
7    6    9    9    9    
9    7    11    7    11    
7    12    11    6    10    
12    10    6    12    7    
5    3    13    7    8    
7    10    9    15    11    
11    8    6    7    9    
7    4    7    3    2    
5    10    8    8    8    
6    10    12    5    7    
8    9    9    8    2    
7    7    3    6    7    
7    5    6    6    4    
3    1    4    7    8    
11    4    5    4    2    
2    4    2    3    4    
4    2    2    4    3    
2    3    4    4    9    
2    6    4    6    9    
2    2    2    6    0    
4    4    1    4    1    
6    8    2    1    2    
5    3    2    4    1    
3    3    1    4    3    
1    2    3    2    1    
6    2    2    2    5    
0    1    3    6    1    
0    1    4    2    3    
2    2    0    1    2    
3    6    1    1    1    
0    0    0    1    0    
2    4    2    2    1    
1    3    3    2    1    
1    2    2    1    2    
0    1    4    0    0    
0    2    1    2    5    
4    2    1    0    1    
3    0    4    2    2    
3    0    3    2    0    
4    2    2    4    3    
3    2    1    1    4    
1    0    2    3    3    
1    2    2    2    2    
4    1    3    0    2    
1    1    2    3    3    
1    1    6    2    3    
5    0    5    1    0    
5    1    4    0    4    
1    1    0    2    1    
3    1    1    1    2    
2    2    2    0    1    
0    4    1    3    0    
3    2    3    0    1    
0    1    2    1    0    
1    2    1    0    0    
2    0    2    1    0    
1    3    4    2    1    
1    3    1    1    1    
2    2    3    3    1    
6    1    0    1    3    
1    2    4    4    0    
1    3    5    0    2    
2    1    0    1    4    
2    1    0    2    0    
3    2    3    3    2    
1    3    2    2    1    
1    1    2    4    1    
3    2    1    1    2    
1    3    3    4    1    
1    1    4    1    1    
2    4    1    0    4    
0    2    0    0    1    
2    2    3    0    2    
1    2    0    0    2    
2    0    1    2    2    
3    3    2    0    0    
2    1    3    3    2    
1    0    2    2    4    
2    1    0    1    3    
0    3    0    0    3    
0    1    2    1    0    
1    0    1    1    2    
2    0    0    1    1    
1    0    1    0    4    
4    0    2    4    0    
0    3    1    4    2    
2    2    4    1    2    
2    4    1    0    4    
1    1    0    3    3    
0    4    0    0    2    
0    2    0    2    1    
1    2    0    1    1    
3    2    2    1    0    
3    1    1    1    0    
2    2    1    4    1    
0    2    2    1    1    
0    1    2    0    0    
1    4    2    1    1    
4    2    3    2    2    
1    0    1    2    0    
1    1    1    2    3    
1    3    6    0    2    
1    0    1    1    2    
2    0    0    3    1    
2    2    2    1    2    
0    1    0    2    1    
1    1    1    0    2    
1    0    0    4    4    
3    1    4    3    1    
4    2    1    2    3    
3    3    1    3    3    
2    2    2    0    0    
2    0    2    1    0    
1    3    4    3    1    
3    3    1    2    1    
2    1    2    0    4    
1    1    2    1    3    
1    1    0    1    4    
2    4    1    2    1    
0    2    0    1    0    
1    1    1    3    2    
1    1    0    1    1    
0    1    1    0    1    
1    1    0    3    2    
3    2    2    1    1    
3    2    0    3    2    
1    1    3    1    0    
2    0    0    0    2    
0    3    1    1    6    
1    2    1    2    3    
0    3    1    4    1    
2    0    1    2    2    
1    2    1    2    1    
1    0    2    2    0    
0    3    1    0    1    
1    2    1    1    1    
0    1    1    1    1    
2    1    0    0    0    
0    1    1    2    1    
3    0    1    1    0    
0    0    0    1    1    
0    1    0    1    1    
0    1    0    1    0    
2    1    2    0    0    
3    0    1    0    1    
1    0    1    0    1    
2    1    1    0    1    
2    1    2    2    0    
0    1    1    0    0    
0    0    0    4    1    
0    2    0    0    2    
0    0    1    2    0    
1    0    0    2    1    
2    0    1    0    0    
0    1    1    1    0    
0    1    0    1    0    
0    0    0    1    2    
2    0    0    1    0    
1    3    2    0    1    
3    1    1    0    0    
3    1    2    0    1    
2    2    0    0    0    
0    1    1    2    2    
0    1    0    0    2    
0    1    0    2    0    
0    1    1    0    2    
1    2    0    2    2    
0    2    0    0    0    
2    1    3    0    2    
1    2    0    0    1    
2    1    1    2    1    
1    0    2    1    0    
1    2    0    2    1    
1    1    1    0    2    
1    1    1    0    2    
0    1    0    2    1    
0    0    1    1    2    
1    1    1    1    1    
0    1    4    1    0    
2    0    0    2    2    
0    0    0    1    1    
1    1    0    0    0    
0    1    1    0    1    
0    0    1    1    1    
0    1    0    0    1    
2    1    0    2    4    
0    3    1    0    0    
1    0    0    1    0    
0    1    0    1    1    
3    0    1    1    0    
0    0    0    0    1    
3    1    0    1    1    
1    2    0    1    0    
0    1    1    1    0    
2    1    0    0    1    
1    1    2    2    0    
2    0    0    3    1    
1    2    1    2    2    
1    0    3    2    1    
3    2    0    3    0    
1    1    1    0    0    
1    0    0    0    1    
0    1    1    0    1    
1    0    0    1    3    
1    0    1    0    3    
1    0    0    0    0    
3    2    0    0    2    
1    0    0    1    0    
0    2    4    1    1    
1    0    3    0    2    
1    1    0    1    0    
0    2    2    1    0    
2    1    1    1    2    
0    2    0    4    0    
0    0    2    0    0    
0    2    0    1    2    
2    1    1    1    2    
2    3    0    1    0    
1    1    1    1    3    
1    1    1    1    1    
3    2    1    0    0    
0    0    1    1    2    
4    0    1    0    1    
1    2    0    0    2    
1    2    0    2    1    
1    0    1    1    1    
2    1    0    0    1    
0    0    2    3    1    
0    1    2    3    3    
2    3    0    0    2    
2    3    1    1    2    
1    0    2    0    3    
1    1    4    0    1    
2    1    1    1    3    
3    0    2    2    5    
0    2    2    4    0    
3    1    1    4    0    
0    3    1    1    0    
3    0    2    2    3    
2    3    1    2    2    
3    2    5    4    1    
3    0    0    3    2    
2    2    0    0    0    
3    2    4    0    2    
0    0    2    1    2    
2    1    1    1    1    
2    5    3    5    3    
1    5    1    4    0    
0    0    1    2    0    
4    4    0    3    1    
4    0    3    0    0    
0    0    1    1    4    
1    2    1    2    0    
2    2    5    3    1    
0    2    0    3    0    
3    3    1    2    0    
3    0    1    1    2    
2    0    3    0    1    
0    2    2    1    1    
2    0    1    1    1    
1    0    0    1    4    
1    1    4    1    1    
1    3    0    2    2    
1    2    2    3    3    
2    1    2    1    0    
1    0    3    1    1    
1    2    1    0    2    
2    3    2    1    0    
4    0    1    0    2    
1    1    1    1    1    
1    1    1    0    3    
0    0    1    0    4    
3    0    1    3    0    
0    0    2    3    2    
1    0    1    1    0    
1    0    0    2    1    
2    2    0    1    0    
1    0    0    4    2    
0    0    3    3    2    
0    1    1    1    2    
1    0    0    2    3    
0    0    1    0    0    
1    0    0    2    1    
0    0    0    1    0    
1    3    3    0    1    
1    4    0    2    1    
0    0    0    1    1    
2    0    0    2    0    
2    0    1    0    3    
1    0    3    0    0    
3    2    0    1    1    
2    2    2    0    1    
0    2    1    1    1    
0    1    1    2    1    
0    1    1    1    0    
0    0    0    1    1    
0    3    1    0    1    
1    1    0    0    0    
0    0    0    0    0    
0    0    0    0    0    
0    0    0    0    0    
0    0    0    0    0    
0    0    0    0    0    
0    0    0    0    0    
0    0    0    0    0    
0    0    0    0    0    
0    0    0    0    0    
0    0    0    0    0    
0    0    0    0    0    
0    0    0    0    0    
0    