.DATE:   28/10/2021 Time :14:57:16   FILE :am241 vaccum.txt
ID:\Spectrum ID
Dwell Time :98µs  Sync Pulse :External  Channel Advance :Internal
CHNLS:4096 RT: 1000   HWLT: 1000   CRLT: 1000
0    0    0    0    0    
0    0    0    0    0    
0    0    0    0    0    
0    0    0    0    0    
0    0    0    0    0    
0    0    0    0    0    
0    0    0    0    0    
0    0    0    0    0    
0    0    0    0    0    
0    0    0    0    0    
0    0    0    0    0    
0    0    0    0    0    
0    0    0    0    0    
0    0    0    0    0    
0    0    0    0    0    
0    0    0    0    0    
0    0    0    0    0    
0    0    0    0    0    
0    0    0    0    0    
0    0    0    0    0    
0    0    0    0    0    
0    0    0    0    0    
0    0    0    0    0    
0    0    0    0    0    
0    0    0    0    0    
0    0    0    0    0    
0    0    0    0    0    
0    0    0    0    0    
0    0    0    0    0    
0    0    0    0    0    
0    0    0    1    0    
0    0    0    0    0    
0    0    0    0    0    
0    0    1    0    3    
0    1    1    2    1    
2    2    2    3    2    
5    2    3    5    4    
6    7    12    16    19    
17    33    30    55    63    
75    65    66    51    31    
33    36    49    45    36    
42    45    40    45    33    
50    39    50    38    35    
49    36    47    36    37    
44    41    31    31    37    
44    44    38    44    40    
45    36    49    48    44    
44    45    51    39    51    
43    48    45    36    57    
50    46    48    43    45    
37    45    42    52    49    
37    35    51    58    47    
41    64    46    42    58    
53    52    39    33    42    
46    46    50    53    47    
51    53    43    44    42    
44    45    46    45    47    
45    40    50    54    40    
40    45    37    29    38    
40    42    39    47    41    
48    46    51    43    57    
52    51    42    47    49    
46    51    50    40    50    
54    55    43    47    59    
52    56    35    43    41    
54    49    41    38    43    
46    55    46    52    50    
51    40    48    47    44    
42    45    51    40    48    
40    46    43    53    51    
62    46    31    38    61    
41    71    51    56    43    
46    69    49    55    48    
43    40    45    57    47    
46    46    51    42    46    
53    55    51    51    57    
48    46    57    53    46    
59    67    53    65    50    
48    57    50    54    48    
42    52    58    49    57    
55    39    46    41    60    
73    67    60    60    68    
59    49    48    50    47    
47    50    51    53    50    
62    70    71    49    52    
65    51    49    52    46    
50    49    73    62    57    
42    51    53    55    54    
54    38    57    51    54    
69    51    55    55    57    
58    59    58    63    49    
56    68    64    54    76    
62    58    63    56    63    
56    54    64    66    63    
61    72    61    55    60    
62    62    57    59    57    
60    47    59    62    50    
60    65    74    72    52    
57    66    69    65    69    
65    66    76    69    64    
63    49    57    49    65    
70    64    49    60    72    
47    57    53    67    70    
64    63    66    64    56    
67    66    73    55    59    
70    59    68    65    65    
66    65    58    53    76    
75    60    71    60    59    
72    50    79    69    67    
61    57    75    70    60    
67    74    56    76    60    
67    59    49    77    75    
82    72    61    75    87    
69    74    94    58    73    
70    75    72    66    69    
73    75    81    64    58    
76    75    66    65    71    
84    69    62    62    67    
61    70    73    79    57    
60    82    72    76    72    
72    76    61    81    71    
74    72    77    71    78    
70    86    74    96    65    
73    69    76    61    67    
81    76    84    71    78    
82    78    60    68    78    
65    85    65    69    69    
74    67    74    73    80    
71    70    83    76    77    
65    78    70    74    82    
76    72    83    73    80    
76    68    76    73    84    
67    92    67    63    70    
76    75    90    74    83    
68    76    86    74    94    
86    86    101    72    76    
84    88    78    85    86    
77    84    94    92    68    
66    76    65    88    87    
64    88    76    67    87    
83    67    74    75    82    
85    87    108    100    82    
89    92    85    107    88    
92    74    80    84    78    
69    101    96    87    85    
82    78    78    82    85    
83    76    75    90    93    
101    79    84    82    74    
96    88    70    91    87    
109    98    75    84    88    
83    92    92    74    84    
93    100    104    83    101    
79    90    79    92    77    
81    93    105    75    107    
102    82    87    83    80    
98    106    94    79    91    
84    93    92    95    86    
99    106    97    91    97    
91    76    99    81    89    
103    95    84    104    73    
94    92    102    95    89    
100    109    105    96    81    
114    109    98    98    95    
109    110    84    111    91    
93    83    97    107    99    
94    92    103    92    92    
95    114    97    97    121    
99    94    96    100    102    
86    88    106    108    116    
95    125    97    127    104    
101    110    93    107    112    
98    101    96    103    116    
105    93    109    113    118    
91    123    119    102    92    
97    105    103    123    114    
112    103    110    102    99    
125    109    103    104    104    
130    118    100    118    127    
102    123    109    102    106    
96    95    120    118    103    
125    91    92    132    130    
101    118    122    121    124    
125    113    147    109    122    
113    137    130    117    127    
108    131    112    130    117    
132    107    131    113    104    
112    127    128    123    110    
133    106    124    126    122    
145    138    138    124    106    
135    134    146    133    128    
137    122    118    137    127    
136    130    126    115    143    
114    118    135    114    134    
154    138    130    117    118    
106    129    133    140    143    
144    157    143    142    152    
136    143    134    134    142    
122    162    128    151    117    
134    150    146    139    134    
137    145    138    142    161    
116    149    139    138    151    
144    149    147    144    153    
154    131    139    143    142    
139    150    157    138    172    
150    134    141    159    143    
158    144    151    171    140    
142    156    160    169    159    
155    145    147    161    151    
168    137    167    153    151    
177    167    178    164    173    
152    152    183    161    159    
156    156    144    165    161    
160    132    149    178    168    
157    172    174    164    200    
173    172    171    177    168    
175    152    179    169    179    
167    183    180    183    176    
178    165    171    176    192    
194    173    174    180    195    
211    191    177    163    199    
163    190    203    211    217    
195    207    177    184    183    
188    166    191    207    194    
223    220    208    176    207    
240    234    201    210    186    
224    213    218    198    213    
187    216    212    233    224    
234    250    217    217    237    
226    238    243    251    225    
241    250    265    258    240    
236    251    271    278    246    
272    255    267    274    259    
273    265    304    276    321    
322    278    280    308    310    
331    288    309    317    321    
308    319    338    310    338    
353    352    342    367    360    
339    381    349    333    386    
369    377    411    356    393    
377    369    393    385    402    
407    392    399    404    425    
424    379    413    398    441    
424    480    420    433    477    
430    442    444    406    443    
433    425    479    451    417    
454    464    456    465    424    
439    453    431    431    503    
457    442    447    445    468    
442    456    464    470    431    
444    448    434    439    448    
447    434    462    420    469    
396    418    383    433    431    
443    442    425    406    387    
409    427    391    404    411    
420    418    442    435    388    
396    406    409    381    421    
390    393    419    391    454    
369    417    417    373    422    
424    389    391    426    353    
372    376    415    452    408    
384    409    363    394    384    
397    379    408    343    353    
403    404    407    399    391    
371    368    359    388    402    
400    395    421    390    407    
395    423    382    382    395    
362    388    390    428    380    
379    393    394    393    380    
393    399    392    382    407    
424    403    361    394    406    
420    375    385    389    388    
401    394    400    398    397    
414    425    365    400    400    
402    369    390    429    456    
380    386    436    408    419    
393    418    404    421    387    
415    412    426    401    380    
391    410    399    395    409    
388    439    432    424    414    
420    412    422    418    415    
394    422    425    385    440    
419    439    390    437    442    
398    441    427    409    422    
442    404    428    442    410    
433    418    452    425    411    
397    445    426    461    429    
431    430    411    443    451    
423    462    403    421    447    
433    490    417    456    446    
450    445    404    441    467    
452    517    460    455    462    
450    470    432    434    482    
456    428    427    443    459    
452    477    482    460    468    
469    480    481    448    478    
459    466    415    481    518    
491    465    439    472    487    
477    511    471    535    464    
536    461    501    499    494    
505    493    507    490    488    
491    499    483    480    509    
539    527    478    496    509    
522    504    528    490    499    
492    551    499    516    515    
488    521    515    518    509    
511    536    549    559    530    
512    559    517    588    537    
550    539    552    549    562    
552    548    554    597    525    
540    546    549    553    570    
579    590    551    540    574    
540    566    574    564    569    
609    559    595    612    555    
574    591    651    594    566    
621    610    573    586    606    
634    604    580    571    605    
694    617    618    624    664    
659    651    605    591    614    
594    600    634    572    644    
612    612    646    627    657    
595    645    681    665    664    
653    666    675    690    654    
665    650    651    712    738    
700    688    690    706    667    
664    695    715    718    716    
684    698    691    687    695    
737    746    722    708    699    
659    696    733    713    780    
733    752    704    795    708    
769    798    759    779    782    
800    730    775    778    759    
835    789    779    827    834    
753    827    823    844    773    
785    790    814    864    805    
760    858    850    806    848    
851    834    845    848    885    
840    833    895    866    872    
862    841    950    933    897    
872    859    935    884    888    
923    924    925    911    910    
903    936    1004    922    987    
874    883    955    937    975    
965    968    930    993    1018    
1003    1042    1015    994    988    
989    964    976    969    991    
985    1015    1029    1048    1053    
1107    1120    1061    1071    1108    
1092    1030    1080    1129    1073    
1080    1057    1091    1094    1104    
1138    1181    1171    1083    1164    
1233    1094    1212    1160    1162    
1110    1181    1212    1186    1269    
1278    1224    1264    1243    1246    
1251    1273    1233    1269    1253    
1225    1296    1245    1329    1281    
1279    1293    1271    1312    1331    
1313    1373    1388    1297    1350    
1362    1398    1343    1403    1418    
1410    1467    1459    1341    1426    
1399    1409    1393    1436    1454    
1433    1464    1504    1385    1489    
1434    1504    1488    1611    1551    
1517    1477    1530    1572    1585    
1580    1591    1538    1637    1532    
1622    1561    1615    1685    1601    
1634    1697    1608    1704    1608    
1715    1751    1680    1671    1712    
1807    1724    1803    1704    1719    
1750    1830    1847    1865    1822    
1870    1844    1914    1949    1911    
1895    1841    1908    1903    1929    
1960    2006    1995    1947    2001    
2090    1992    2063    2052    2173    
2146    2047    2188    2140    2222    
2176    2148    2156    2193    2184    
2186    2274    2242    2209    2264    
2281    2312    2295    2401    2413    
2397    2379    2450    2445    2548    
2464    2419    2492    2525    2576    
2652    2648    2624    2720    2784    
2773    2749    2793    2898    2920    
2848    2906    3028    2943    3017    
3082    3144    3148    3159    3284    
3248    3283    3233    3341    3403    
3481    3425    3545    3528    3567    
3619    3699    3794    3736    3773    
3905    3875    3910    4084    3992    
4101    4249    4147    4178    4378    
4497    4570    4448    4691    4747    
4808    4818    4994    4964    5204    
5199    5261    5387    5507    5608    
5710    5834    5842    6027    6065    
6244    6358    6423    6505    6570    
6856    6861    7045    7181    7389    
7398    7698    7800    7963    8090    
8313    8336    8541    8831    8688    
9075    8987    9352    9693    9638    
9997    10039    10268    10362    10750    
11077    11251    11449    11823    11888    
12214    12409    12748    12932    13057    
13335    13717    13899    14148    14422    
14730    14909    15092    15462    15781    
16123    16259    16495    16780    17184    
17569    17530    18191    18260    18547    
19053    19064    19387    19845    19911    
20373    20622    20710    21023    21154    
21491    21567    21962    21968    22394    
22749    22647    22790    22967    23446    
23447    23215    23714    23286    23899    
23776    23728    23713    23801    23579    
23439    23480    23332    23466    23279    
23098    23080    23109    22643    22425    
21936    21800    21536    21238    20829    
20378    19750    19852    19358    18672    
18407    18206    17450    16916    16197    
15774    15348    14814    14253    13718    
12949    12683    12021    11578    11193    
10612    10237    9733    9143    8694    
8194    7755    7184    6809    6296    
5895    5450    5093    4797    4507    
4098    3718    3503    3231    2947    
2746    2553    2312    2086    1962    
1778    1567    1447    1372    1239    
1101    1019    893    889    742    
657    576    527    499    457    
390    328    312    300    246    
209    208    193    164    169    
140    132    106    96    94    
85    83    64    76    53    
58    40    36    30    42    
29    38    31    33    27    
30    28    23    20    17    
19    18    22    12    14    
22    14    18    9    24    
11    12    19    15    12    
10    10    9    11    11    
10    9    9    11    15    
15    7    6    12    11    
8    14    14    7    11    
6    16    9    9    10    
9    8    8    11    8    
12    6    4    12    15    
6    13    8    4    12    
11    10    15    7    5    
14    14    14    15    11    
4    10    8    2    14    
10    5    11    10    12    
12    13    9    11    16    
13    11    11    13    9    
4    16    9    9    9    
10    13    9    7    13    
4    8    14    9    11    
8    9    10    8    7    
7    10    12    11    16    
9    11    9    13    10    
10    15    11    19    11    
15    10    11    18    9    
10    4    8    14    11    
11    6    6    16    15    
14    12    14    13    14    
12    10    13    17    14    
13    13    14    11    6    
11    13    17    8    12    
12    18    16    17    12    
18    14    17    10    9    
14    11    15    18    9    
19    19    8    9    12    
12    10    10    18    11    
12    14    16    12    10    
11    19    27    14    21    
21    12    13    12    16    
15    11    15    15    12    
20    13    11    9    12    
15    21    17    17    17    
20    9    11    20    15    
13    12    11    26    19    
12    21    10    21    25    
20    18    22    26    24    
18    18    17    23    29    
16    17    27    17    20    
23    16    16    25    20    
28    17    30    25    24    
26    23    21    29    22    
18    26    21    24    24    
28    29    33    32    22    
12    24    28    26    30    
31    27    25    27    27    
28    20    30    29    19    
24    35    24    26    23    
26    27    38    26    25    
37    36    32    33    37    
27    26    31    33    33    
39    38    34    37    30    
21    36    48    30    24    
41    42    37    22    29    
35    36    25    41    44    
26    29    37    24    35    
47    44    36    38    29    
25    32    29    25    47    
47    35    37    24    25    
26    38    38    32    31    
42    33    42    33    39    
33    27    32    40    37    
27    24    33    29    23    
36    35    37    34    36    
34    34    34    28    43    
31    38    32    42    30    
37    31    43    28    26    
45    41    26    44    28    
51    39    31    30    33    
25    34    32    35    33    
31    40    39    25    36    
34    32    43    30    37    
39    32    34    30    38    
36    26    33    38    30    
34    26    31    37    31    
40    31    30    30    35    
29    36    30    32    40    
38    36    35    38    28    
29    37    38    31    35    
29    33    36    27    35    
38    35    32    25    33    
39    34    40    30    32    
33    33    25    30    32    
32    36    40    31    26    
38    38    25    26    26    
34    23    21    29    35    
26    28    38    33    46    
41    26    29    29    38    
33    34    41    36    39    
37    26    39    30    25    
34    35    34    25    19    
38    35    36    32    35    
28    27    31    42    36    
33    39    32    31    29    
31    33    41    41    42    
35    38    37    33    27    
34    37    24    41    31    
36    37    31    33    33    
39    44    46    38    34    
37    45    38    28    29    
33    35    26    35    33    
33    33    43    33    44    
28    39    30    37    36    
27    36    27    36    37    
29    31    42    30    42    
34    25    38    40    27    
30    34    32    34    29    
29    44    40    32    29    
33    23    33    35    28    
41    31    36    18    44    
31    35    51    36    34    
20    37    34    37    31    
28    31    38    36    37    
28    42    24    34    32    
40    29    45    31    27    
30    35    40    27    32    
39    39    37    29    37    
39    31    29    36    40    
37    30    31    32    27    
46    33    40    36    29    
31    36    45    40    38    
26    39    38    37    35    
33    28    38    30    25    
27    26    37    32    30    
29    41    35    42    38    
29    35    27    39    35    
41    27    40    34    38    
34    40    36    33    37    
37    36    32    40    35    
39    33    30    40    37    
35    30    37    35    37    
37    25    33    29    35    
34    36    38    32    33    
22    37    32    32    30    
36    30    34    30    27    
28    28    34    42    41    
34    33    36    32    28    
37    27    19    29    43    
38    32    33    38    39    
32    27    57    33    38    
29    42    35    32    29    
35    36    36    37    29    
37    28    24    28    37    
34    45    43    40    41    
44    28    35    35    33    
28    33    40    42    29    
34    31    31    44    38    
37    27    43    39    40    
19    45    30    28    48    
38    45    30    29    35    
39    39    40    32    20    
38    32    22    42    30    
34    30    33    43    29    
22    25    27    44    33    
39    33    35    44    34    
28    52    46    32    36    
25    40    45    24    32    
31    33    25    29    31    
37    23    41    40    34    
34    33    44    30    35    
40    36    28    35    38    
33    28    34    39    38    
39    34    31    33    33    
23    47    39    36    31    
30    25    25    33    27    
29    35    24    46    52    
33    37    38    39    40    
37    30    36    36    42    
31    47    44    37    18    
41    37    32    38    42    
35    53    40    32    47    
47    30    43    40    33    
34    41    34    41    33    
38    41    49    35    34    
34    40    42    39    38    
37    34    44    43    37    
37    32    44    33    38    
32    33    35    29    40    
44    45    50    36    34    
43    50    38    56    36    
35    32    46    36    26    
31    39    41    44    25    
44    42    31    33    31    
37    38    39    28    30    
51    33    27    39    38    
36    43    36    39    35    
44    37    41    38    37    
36    26    42    42    37    
37    40    46    33    34    
32    36    30    34    29    
33    38    33    48    37    
37    37    45    42    38    
43    45    29    42    43    
42    29    36    32    37    
40    38    33    46    39    
41    23    42    31    45    
53    42    38    41    34    
35    53    40    46    31    
28    40    42    45    43    
31    44    42    34    36    
45    41    45    40    49    
37    38    38    48    45    
42    31    45    38    37    
42    35    40    48    36    
54    44    42    56    49    
59    50    57    47    47    
42    61    47    54    47    
45    49    63    63    56    
72    57    57    58    55    
59    49    79    67    66    
64    61    52    72    77    
60    73    66    74    85    
60    72    67    59    69    
74    64    63    65    75    
68    72    70    61    77    
63    64    79    71    64    
90    56    82    63    65    
53    50    62    68    64    
67    60    60    62    60    
70    54    71    64    59    
63    66    61    56    61    
60    58    66    71    90    
80    64    66    71    76    
53    83    80    68    90    
66    103    96    84    94    
95    86    86    109    102    
92    111    104    115    112    
118    118    136    114    141    
121    165    138    144    145    
174    160    190    193    198    
180    223    225    215    218    
226    229    219    245    223    
246    266    272    280    264    
280    283    275    323    327    
334    332    342    349    370    
363    364    425    362    366    
418    414    402    444    470    
451    466    493    498    488    
488    538    503    526    522    
557    563    545    597    627    
616    606    615    659    676    
735    656    779    781    775    
741    843    814    828    925    
846    804    812    797    692    
672    565    488    377    279    
195    121    74    43    27    
9    16    17    13    16    
10    9    14    6    13    
8    7    7    13    11    
12    8    11    21    6    
14    10    14    8    15    
9    7    11    18    10    
9    7    4    10    10    
10    9    6    5    6    
7    8    5    8    10    
9    3    6    8    7    
8    11    8    8    11    
6    11    9    6    9    
7    8    3    8    9    
7    7    8    8    8    
10    8    11    6    6    
7    8    3    2    6    
7    2    6    3    6    
2    2    2    3    1    
0    2    0    0    0    
0    0    0    0    0    
0    0    0    0    0    
0    1    0    1    0    
0    0    0    0    0    
0    0    0    0    0    
0    0    0    0    0    
0    0    0    0    0    
0    0    0    0    0    
0    0    0    0    0    
0    0    0    0    0    
0    0    0    0    0    
0    0    0    0    0    
0    0    0    0    0    
0    0    0    0    0    
0    0    0    0    0    
0    0    0    0    0    
0    0    0    0    0    
0    0    0    0    0    
0    0    0    0    0    
0    0    0    0    0    
0    0    0    0    0    
0    0    0    0    0    
0    0    0    0    0    
0    0    0    0    0    
0    0    0    0    0    
0    0    0    0    0    
0    0    0    0    0    
0    0    0    0    0    
0    0    0    0    0    
0    0    0    0    0    
0    0    0    0    0    
0    0    0    0    0    
0    0    0    0    0    
0    0    0    0    0    
0    0    0    0    0    
0    0    0    0    0    
0    0    0    0    0    
0    0    0    0    0    
0    0    0    0    0    
0    0    0    0    0    
0    0    0    0    0    
0    0    0    0    0    
0    0    0    0    0    
0    0    0    0    0    
0    0    0    0    0    
0    0    0    0    0    
0    0    0    0    0    
0    0    0    0    0    
0    0    0    0    0    
0    0    0    0    0    
0    0    0    0    0    
0    0    0    0    0    
0    0    0    0    0    
0    0    0    0    0    
0    0    0    0    0    
0    0    0    0    0    
0    0    0    0    0    
0    0    0    0    0    
0    0    0    0    0    
0    0    0    0    0    
0    0    0    0    0    
0    0    0    0    0    
0    0    0    0    0    
0    0    0    0    0    
0    0    0    0    0    
0    0    0    0    0    
0    0    0    0    0    
0    0    0    0    0    
0    0    0    0    0    
0    0    0    0    0    
0    0    0    0    0    
0    0    0    0    0    
0    0    0    0    0    
0    0    0    0    0    
0    0    0    0    0    
0    0    0    0    0    
0    0    0    0    0    
0    0    0    0    0    
0    0    0    0    0    
0    0    0    0    0    
0    0    0    0    0    
0    0    0    0    0    
0    0    0    0    0    
0    0    0    0    0    
0    0    0    0    0    
0    0    0    0    0    
0    0    0    0    0    
0    0    0    0    0    
0    0    0    0    0    
0    0    0    0    0    
0    0    0    0    0    
0    0    0    0    0    
0    0    0    0    0    
0    0    0    0    0    
0    0    0    0    0    
0    0    0    0    0    
0    0    0    0    0    
0    0    0    0    0    
0    0    0    0    0    
0    0    0    0    0    
0    0    0    0    0    
0    0    0    0    0    
0    0    0    0    0    
0    0    0    0    0    
0    0    0    0    0    
0    0    0    0    0    
0    0    0    0    0    
0    0    0    0    0    
0    0    0    0    0    
0    0    0    0    0    
0    0    0    0    0    
0    0    0    0    0    
0    0    0    0    0    
0    