.DATE:   28/10/2021 Time :15:20:40   FILE :cm244 vaccum.txt
ID:\Spectrum ID
Dwell Time :98µs  Sync Pulse :External  Channel Advance :Internal
CHNLS:4096 RT: 1000   HWLT: 1000   CRLT: 1000
0    0    0    0    0    
0    0    0    0    0    
0    0    0    0    0    
0    0    0    0    0    
0    0    0    0    0    
0    0    0    0    0    
0    0    0    0    0    
0    0    0    0    0    
0    0    0    0    0    
0    0    0    0    0    
0    0    0    0    0    
0    0    0    0    0    
0    0    0    0    0    
0    0    0    0    0    
0    0    0    0    0    
0    0    0    0    0    
0    0    0    0    0    
0    0    0    0    0    
0    0    0    0    0    
0    0    0    0    0    
0    0    0    0    0    
0    0    0    0    0    
0    0    0    0    0    
0    0    0    0    0    
0    0    0    0    0    
0    0    0    0    0    
0    0    0    0    0    
0    0    0    0    0    
0    0    0    0    0    
0    0    0    0    0    
0    0    0    0    0    
0    0    0    0    0    
0    0    0    0    0    
0    0    0    0    0    
0    0    0    0    0    
0    0    0    0    0    
0    0    0    0    0    
0    0    0    0    0    
1    1    1    2    9    
5    1    3    4    6    
0    4    1    0    4    
3    1    7    1    3    
1    2    4    3    5    
1    4    5    2    2    
1    1    3    2    3    
1    3    6    2    4    
5    1    3    3    0    
3    5    4    2    2    
0    2    4    2    2    
5    1    1    2    3    
3    3    0    1    4    
3    2    2    3    2    
2    1    1    2    3    
7    5    5    2    11    
4    3    1    3    2    
3    2    1    4    3    
2    1    3    4    1    
6    0    1    5    2    
7    2    1    9    3    
2    2    8    2    5    
1    5    5    2    5    
2    2    3    1    2    
2    4    4    2    3    
3    5    1    0    2    
2    1    2    5    6    
1    4    5    0    2    
2    3    3    2    2    
2    2    7    3    1    
4    4    4    1    3    
5    3    4    5    1    
5    5    4    5    0    
1    4    1    1    3    
0    2    3    2    6    
4    1    2    8    1    
3    1    4    2    4    
1    2    4    5    4    
4    4    4    2    6    
2    2    7    3    5    
3    5    3    5    0    
6    4    6    4    2    
3    4    6    4    6    
3    4    4    5    4    
5    5    4    1    1    
2    3    3    6    3    
4    6    1    3    4    
2    5    6    6    3    
1    7    3    1    8    
4    4    3    6    3    
7    5    1    2    6    
7    2    2    8    1    
1    4    7    6    5    
4    8    1    2    5    
4    3    3    2    4    
7    4    5    3    4    
5    4    6    4    3    
5    6    2    2    3    
3    3    5    4    2    
3    3    6    5    2    
1    5    7    3    4    
4    2    3    6    4    
1    2    0    8    1    
6    3    4    3    1    
2    5    5    6    3    
1    4    3    2    4    
5    4    6    5    3    
4    5    2    0    3    
4    2    7    2    5    
4    4    1    1    7    
3    4    2    6    2    
5    2    3    2    4    
4    4    1    6    3    
5    3    4    1    2    
5    2    4    7    4    
3    2    2    3    0    
5    8    1    7    3    
3    1    1    4    7    
6    3    4    3    7    
7    2    5    8    2    
6    6    2    5    9    
3    0    5    2    3    
3    6    4    1    5    
3    3    5    5    3    
5    5    1    5    7    
1    3    0    4    6    
2    5    5    4    6    
5    3    5    8    5    
7    3    6    5    7    
1    2    5    4    9    
3    4    5    2    2    
1    9    6    4    4    
6    5    5    3    3    
3    6    6    2    4    
6    7    5    6    4    
4    2    11    7    6    
4    6    7    1    10    
3    4    5    5    4    
7    5    4    3    7    
2    4    8    3    8    
7    11    6    2    9    
3    4    2    5    10    
2    9    7    5    6    
10    4    4    8    7    
4    3    5    6    2    
4    3    5    5    5    
3    5    1    6    8    
1    5    3    5    2    
3    3    5    9    4    
6    4    6    5    2    
5    5    5    5    4    
10    10    5    4    4    
7    7    4    10    7    
5    5    7    4    4    
14    6    6    7    2    
6    5    7    3    7    
6    7    3    6    6    
13    3    8    4    8    
9    6    3    6    8    
1    3    7    9    5    
5    11    5    2    8    
4    6    2    11    4    
7    2    4    8    1    
4    1    9    3    6    
4    6    6    4    9    
6    13    7    6    11    
3    5    6    3    7    
8    6    7    1    6    
10    6    5    0    8    
9    9    5    8    8    
11    6    10    7    6    
6    3    6    7    6    
8    4    5    8    5    
9    8    7    9    1    
10    8    2    6    4    
8    6    6    10    7    
3    5    7    5    5    
5    6    6    4    4    
7    5    5    6    5    
12    3    4    5    9    
12    5    11    10    9    
4    2    9    3    6    
7    12    4    5    7    
7    9    9    6    7    
6    8    2    2    8    
7    7    6    8    7    
6    7    5    11    8    
8    6    7    8    5    
7    4    11    5    4    
5    10    4    8    5    
5    10    9    11    5    
8    6    4    4    7    
10    7    5    5    8    
11    8    8    11    9    
11    3    11    9    8    
6    7    3    8    9    
12    6    5    12    7    
8    6    0    5    13    
6    9    6    4    5    
4    8    9    9    7    
16    4    8    9    5    
6    9    10    8    10    
6    14    5    7    12    
7    8    9    7    5    
7    5    8    8    4    
13    6    9    10    7    
13    7    11    13    9    
10    7    12    12    7    
6    8    4    8    3    
9    5    10    9    10    
7    9    7    8    12    
10    10    10    16    7    
9    5    3    10    5    
8    7    7    8    9    
11    10    7    7    10    
9    3    7    12    8    
5    6    10    7    8    
10    3    4    6    6    
17    7    5    9    10    
9    3    11    5    8    
12    6    7    10    7    
8    4    6    7    7    
8    8    13    8    9    
9    11    13    18    13    
6    8    12    9    16    
13    6    11    6    12    
3    16    8    8    5    
7    13    8    4    9    
9    9    6    4    12    
9    10    8    13    5    
7    13    12    9    12    
7    11    6    13    19    
7    10    7    8    13    
16    6    12    10    10    
14    13    10    10    14    
10    2    6    12    10    
10    7    10    8    13    
14    10    11    14    11    
8    6    8    8    10    
14    14    11    6    13    
8    14    9    11    9    
8    16    11    8    7    
11    12    9    11    9    
6    10    9    12    10    
9    8    16    17    16    
10    9    10    17    11    
9    12    15    12    10    
17    8    13    6    11    
9    14    13    11    9    
7    12    16    9    11    
12    11    13    18    12    
16    11    5    6    8    
7    13    5    16    9    
14    12    11    9    9    
9    11    16    13    12    
8    12    6    14    13    
11    8    10    14    7    
17    4    11    10    9    
10    12    15    14    14    
11    14    17    10    17    
9    8    9    11    15    
12    10    10    12    12    
13    11    12    11    12    
8    17    15    9    12    
8    16    6    8    12    
18    15    9    9    9    
11    15    12    21    17    
16    13    12    10    10    
11    14    14    10    16    
17    16    9    11    12    
13    5    19    13    5    
17    5    10    17    16    
15    15    16    15    13    
14    15    11    17    10    
13    16    16    16    11    
13    13    8    11    20    
9    21    17    12    12    
13    22    8    11    16    
13    13    12    13    12    
11    19    11    14    23    
13    15    12    13    7    
13    9    19    20    9    
18    25    15    18    16    
16    14    16    14    14    
13    16    20    12    13    
18    10    11    9    18    
11    13    14    19    21    
17    17    17    10    13    
19    15    10    16    17    
17    14    18    12    17    
17    18    20    16    18    
21    13    13    14    22    
12    18    18    17    12    
16    16    17    17    20    
13    20    22    14    19    
16    9    25    13    12    
16    13    17    16    12    
22    18    20    16    20    
12    9    12    17    17    
21    14    13    15    9    
20    19    13    15    11    
21    15    19    22    15    
14    25    13    19    13    
14    15    17    23    21    
19    18    22    22    20    
20    20    27    21    16    
16    17    12    19    13    
19    23    15    21    18    
13    22    19    24    24    
18    11    28    18    12    
23    14    14    11    20    
22    24    20    19    19    
12    29    13    13    19    
20    17    23    23    16    
19    34    20    21    19    
18    23    21    17    24    
19    19    22    23    33    
23    22    17    28    22    
13    24    25    26    20    
21    24    23    23    18    
23    18    7    18    17    
22    27    29    23    18    
21    17    23    21    12    
24    25    27    22    29    
21    20    24    22    21    
20    27    18    30    21    
23    24    11    21    23    
31    24    23    20    27    
22    33    28    22    21    
19    23    22    25    29    
19    17    31    20    20    
28    24    22    27    26    
28    21    35    18    34    
21    23    23    23    22    
21    32    14    24    29    
24    24    26    17    26    
24    22    18    23    32    
17    26    29    30    25    
31    31    25    18    20    
19    24    27    20    30    
18    32    33    36    32    
22    32    18    20    33    
27    20    29    29    25    
28    32    23    41    31    
34    29    32    30    22    
31    28    28    31    30    
18    39    32    26    30    
40    25    27    34    23    
30    29    41    31    29    
19    29    34    24    32    
34    31    30    28    43    
27    47    28    25    35    
28    28    25    34    31    
25    42    33    25    28    
38    42    31    34    44    
29    35    30    29    38    
28    38    44    31    24    
34    32    33    40    34    
31    32    29    26    41    
39    26    42    38    39    
48    43    30    30    53    
37    32    29    42    44    
40    55    37    45    42    
46    37    43    48    34    
46    38    32    46    38    
37    34    40    42    39    
50    40    45    36    36    
52    43    36    37    44    
34    41    42    33    54    
36    42    48    48    49    
29    40    30    51    47    
50    52    62    42    50    
45    44    52    50    47    
48    48    51    63    49    
44    44    40    54    47    
53    49    52    57    47    
52    48    53    52    57    
60    70    61    46    52    
54    36    31    53    49    
58    54    53    53    62    
52    57    64    58    63    
71    56    54    55    65    
63    56    59    60    60    
50    59    57    62    71    
69    66    69    85    65    
54    52    52    74    67    
67    63    72    60    52    
70    56    71    74    71    
53    61    77    63    51    
64    58    60    60    63    
74    60    62    60    64    
68    71    65    62    74    
64    60    57    75    72    
70    79    74    94    69    
74    78    75    93    87    
86    75    83    78    74    
71    84    83    68    63    
65    81    65    77    67    
73    85    65    84    68    
85    99    78    87    81    
92    75    71    63    91    
85    87    85    83    81    
82    86    88    82    83    
96    86    92    106    95    
84    101    120    106    113    
99    113    95    114    103    
108    121    93    114    100    
125    115    123    127    99    
116    116    125    112    119    
121    138    123    126    133    
127    132    109    127    143    
135    123    129    139    129    
135    148    115    148    134    
138    128    134    161    135    
151    167    163    142    151    
143    174    189    158    172    
137    165    178    183    168    
181    164    183    198    166    
190    214    181    194    201    
183    194    201    189    198    
221    190    204    207    204    
215    231    228    232    221    
215    228    247    251    244    
263    252    243    269    257    
252    298    277    274    283    
277    300    278    315    305    
328    303    330    295    314    
341    298    352    329    328    
358    299    351    311    334    
322    355    353    368    349    
368    343    328    384    361    
371    380    366    393    367    
356    353    359    335    338    
354    355    329    366    359    
369    339    323    372    356    
334    331    295    313    317    
326    296    316    306    296    
310    257    289    283    247    
271    255    247    225    213    
210    210    211    207    189    
202    172    171    175    163    
141    143    167    124    123    
131    115    96    98    92    
96    87    93    90    82    
70    68    63    61    61    
51    66    38    52    48    
46    33    32    30    27    
30    22    21    22    20    
12    21    18    10    14    
20    9    13    13    10    
4    6    8    8    4    
6    5    6    5    1    
2    3    0    2    5    
3    3    2    1    7    
2    2    3    0    1    
0    0    2    1    0    
2    0    1    0    0    
1    1    0    0    0    
0    1    0    0    0    
0    0    0    0    0    
0    0    0    0    0    
0    0    0    0    0    
0    0    0    0    0    
0    0    0    0    0    
0    0    0    0    0    
0    0    0    0    0    
0    0    0    0    0    
0    0    0    0    0    
0    0    0    0    0    
0    0    0    0    0    
0    0    0    0    0    
0    0    0    0    0    
0    0    0    0    0    
0    0    0    0    0    
0    0    0    0    0    
0    0    0    0    0    
0    0    0    0    0    
0    0    0    0    0    
0    0    0    0    0    
0    0    0    0    0    
0    0    0    0    0    
0    0    0    0    0    
0    0    0    0    0    
0    0    0    0    0    
0    0    0    0    0    
0    0    0    0    0    
0    0    0    0    0    
0    0    0    0    0    
0    0    0    0    0    
0    0    0    0    0    
0    0    0    0    0    
0    0    0    0    0    
0    0    0    0    0    
0    1    0    0    0    
0    0    0    0    0    
0    0    0    0    0    
0    0    0    0    0    
0    0    0    0    0    
0    0    0    0    0    
0    0    0    0    0    
0    0    0    0    0    
0    0    0    0    0    
0    0    0    0    0    
0    0    0    0    0    
0    0    0    0    0    
0    0    0    0    0    
0    0    0    0    0    
0    0    0    0    0    
0    0    0    0    0    
0    0    0    0    1    
0    0    0    0    0    
0    0    0    0    0    
0    0    0    0    0    
0    0    0    0    0    
0    0    0    0    0    
0    0    0    0    0    
0    0    0    0    0    
0    0    0    0    0    
0    0    0    0    0    
0    0    1    0    0    
0    0    0    0    0    
0    0    0    0    0    
0    0    0    0    0    
0    0    1    0    0    
0    0    0    0    0    
1    0    0    0    0    
0    0    0    0    0    
0    0    0    0    0    
0    0    0    0    0    
0    0    0    0    0    
0    0    0    0    0    
0    0    0    0    0    
0    0    0    0    0    
0    0    0    0    0    
0    0    0    0    0    
0    0    0    0    0    
0    0    0    0    1    
0    0    0    0    0    
0    0    0    1    0    
0    0    0    0    0    
0    0    0    0    0    
0    0    0    0    0    
0    0    0    0    0    
0    0    0    0    0    
0    0    0    0    0    
0    1    0    0    0    
0    0    0    0    0    
0    0    0    0    0    
0    0    1    0    0    
0    0    0    0    0    
0    0    0    0    0    
0    0    0    0    0    
0    0    0    0    1    
0    0    0    0    0    
0    0    0    0    0    
0    0    0    0    0    
0    0    0    0    0    
0    0    0    0    0    
0    0    0    0    0    
0    0    0    0    0    
0    0    0    0    0    
0    0    0    0    0    
0    0    0    0    0    
0    0    0    0    0    
0    0    0    0    0    
0    0    0    0    0    
0    0    0    0    0    
0    0    0    0    0    
0    0    0    0    0    
0    0    0    0    0    
0    0    0    0    0    
0    0    0    0    0    
0    0    0    0    0    
0    0    0    0    0    
0    0    0    0    0    
0    0    0    0    0    
0    0    0    0    0    
0    0    0    0    0    
0    0    0    0    0    
0    0    0    0    0    
0    0    0    0    0    
0    0    0    0    0    
0    0    0    0    0    
0    0    0    0    0    
0    0    1    0    0    
0    0    0    0    0    
0    0    0    0    0    
0    0    0    0    0    
0    0    0    0    1    
0    0    0    0    0    
0    0    0    0    0    
0    0    0    0    0    
0    0    0    0    0    
0    0    0    1    0    
0    0    0    0    0    
0    0    0    0    0    
0    0    0    0    0    
0    0    0    0    0    
0    0    0    0    0    
0    0    0    0    0    
0    0    0    0    0    
0    0    0    0    0    
0    0    0    0    0    
0    0    0    0    0    
0    0    0    0    0    
0    0    0    0    0    
0    0    0    0    0    
0    0    0    1    0    
0    0    0    0    0    
0    0    0    0    0    
0    0    0    0    0    
0    0    0    0    0    
0    0    0    0    0    
0    0    0    0    0    
0    0    0    0    0    
0    0    0    0    0    
0    0    0    0    0    
0    0    0    0    0    
0    0    0    0    0    
0    0    0    0    0    
0    0    0    0    0    
0    0    0    0    0    
0    0    0    0    0    
0    0    0    0    0    
0    0    0    0    0    
0    0    0    0    0    
0    0    0    0    0    
0    0    0    0    0    
0    0    1    0    0    
0    0    0    0    0    
0    0    0    0    0    
0    0    0    0    0    
0    0    0    0    0    
0    0    0    1    0    
0    0    0    0    0    
0    0    0    0    0    
0    0    0    0    0    
0    0    0    0    0    
0    0    1    0    0    
0    0    0    0    0    
0    0    0    0    0    
0    0    0    1    0    
0    0    0    0    0    
0    0    0    0    0    
0    0    0    0    0    
0    0    0    0    0    
0    1    0    0    0    
0    0    0    0    0    
0    0    0    0    0    
0    0    0    0    0    
0    0    0    0    0    
0    0    0    0    0    
0    0    0    0    1    
0    0    0    0    0    
0    0    0    0    0    
0    0    0    0    0    
0    0    0    0    0    
0    0    0    0    0    
0    0    0    0    0    
0    1    0    0    0    
0    0    0    0    0    
0    0    0    0    0    
0    1    0    0    0    
0    0    0    0    0    
0    0    0    0    0    
0    0    0    0    0    
0    0    0    0    0    
0    0    1    0    0    
0    0    1    0    0    
0    0    0    0    1    
0    0    0    0    0    
0    0    0    0    0    
0    0    0    0    1    
0    0    1    0    0    
0    1    0    1    0    
0    0    0    0    0    
0    0    0    0    0    
0    1    0    0    0    
0    0    0    0    0    
0    1    0    0    0    
1    0    0    0    0    
0    0    0    0    1    
1    0    0    1    0    
2    0    0    1    0    
0    0    1    0    0    
0    0    0    0    1    
0    0    0    0    2    
0    0    0    0    1    
3    0    0    0    0    
0    1    0    0    0    
0    0    0    0    0    
0    0    0    0    0    
0    0    0    0    0    
0    0    0    0    0    
0    0    0    0    0    
0    0    0    0    0    
0    0    0    0    0    
0    0    0    0    0    
0    0    0    0    0    
0    0    0    0    0    
0    0    0    0    0    
0    0    0    0    0    
0    0    0    0    0    
0    0    0    0    0    
0    0    0    0    0    
0    0    0    0    0    
0    0    0    0    0    
0    0    0    0    0    
0    0    0    0    0    
0    0    0    0    0    
0    0    0    0    0    
0    0    0    0    0    
0    0    0    0    0    
0    0    0    0    0    
0    0    0    0    0    
0    0    0    0    0    
0    0    0    0    0    
0    0    0    0    0    
0    0    0    0    0    
0    0    0    0    0    
0    0    0    0    0    
0    0    0    0    0    
0    0    0    0    0    
0    0    0    0    0    
0    0    0    0    0    
0    0    0    0    0    
0    0    0    0    0    
0    0    0    0    0    
0    0    0    0    0    
0    0    0    0    0    
0    0    0    0    0    
0    0    0    0    0    
0    0    0    0    0    
0    0    0    0    0    
0    0    0    0    0    
0    0    0    0    0    
0    0    0    0    0    
0    0    0    0    0    
0    0    0    0    0    
0    0    0    0    0    
0    0    0    0    0    
0    0    0    0    0    
0    0    0    0    0    
0    0    0    0    0    
0    0    0    0    0    
0    0    0    0    0    
0    0    0    0    0    
0    0    0    0    0    
0    0    0    0    0    
0    0    0    0    0    
0    0    0    0    0    
0    0    0    0    0    
0    0    0    0    0    
0    0    0    0    0    
0    0    0    0    0    
0    0    0    0    0    
0    0    0    0    0    
0    0    0    0    0    
0    0    0    0    0    
0    0    0    0    0    
0    0    0    0    0    
0    0    0    0    0    
0    0    0    0    0    
0    0    0    0    0    
0    0    0    0    0    
0    0    0    0    0    
0    0    0    0    0    
0    0    0    0    0    
0    0    0    0    0    
0    0    0    0    0    
0    0    0    0    0    
0    0    0    0    0    
0    0    0    0    0    
0    0    0    0    0    
0    0    0    0    0    
0    0    0    0    0    
0    0    0    0    0    
0    0    0    0    0    
0    0    0    0    0    
0    0    0    0    0    
0    0    0    0    0    
0    0    0    0    0    
0    0    0    0    0    
0    0    0    0    0    
0    0    0    0    0    
0    0    0    0    0    
0    0    0    0    0    
0    0    0    0    0    
0    0    0    0    0    
0    0    0    0    0    
0    0    0    0    0    
0    0    0    0    0    
0    0    0    0    0    
0    0    0    0    0    
0    0    0    0    0    
0    0    0    0    0    
0    0    0    0    0    
0    0    0    0    0    
0    0    0    0    0    
0    0    0    0    0    
0    0    0    0    0    
0    0    0    0    0    
0    0    0    0    0    
0    0    0    0    0    
0    0    0    0    0    
0    0    0    0    0    
0    0    0    0    0    
0    0    0    0    0    
0    0    0    0    0    
0    0    0    0    0    
0    0    0    0    0    
0    0    0    0    0    
0    0    0    0    0    
0    0    0    0    0    
0    0    0    0    0    
0    0    0    0    0    
0    0    0    0    0    
0    0    0    0    0    
0    0    0    0    0    
0    0    0    0    0    
0    0    0    0    0    
0    