.DATE:   28/10/2021 Time :14:32:10   FILE :pu239 vaccum.txt
ID:\Spectrum ID
Dwell Time :98µs  Sync Pulse :External  Channel Advance :Internal
CHNLS:4096 RT: 1000   HWLT: 1000   CRLT: 1000
0    0    0    0    0    
0    0    0    0    0    
0    0    0    0    0    
0    0    0    0    0    
0    0    0    0    0    
0    0    0    0    0    
0    0    0    0    0    
0    0    0    0    0    
0    0    0    0    0    
0    0    0    0    0    
0    0    0    0    0    
0    0    0    0    0    
0    0    0    0    0    
0    0    0    0    0    
0    0    0    0    0    
0    0    0    0    0    
0    0    0    0    0    
0    0    0    0    0    
0    0    0    0    0    
0    0    0    0    0    
0    0    0    0    0    
0    0    0    0    0    
0    0    0    0    0    
0    0    0    0    0    
0    0    0    0    0    
0    0    0    0    0    
0    0    0    0    0    
0    0    0    0    0    
0    0    0    0    0    
0    0    0    0    0    
0    0    0    0    0    
0    0    0    0    0    
0    0    0    0    0    
0    0    0    0    0    
0    0    0    0    0    
0    0    0    0    0    
0    0    0    0    0    
1    0    0    0    0    
0    3    2    3    8    
5    4    5    6    3    
2    1    1    3    2    
2    5    5    5    3    
3    5    2    2    3    
4    0    3    3    5    
0    2    4    1    7    
1    1    0    0    2    
4    2    3    5    3    
3    5    2    2    4    
5    1    5    0    3    
6    2    3    3    1    
3    6    2    2    1    
5    1    3    1    3    
2    3    2    2    2    
4    5    6    1    4    
5    5    1    3    0    
3    1    2    5    3    
2    2    6    4    2    
1    0    2    3    6    
3    4    4    1    2    
2    3    3    2    6    
3    4    2    3    5    
5    5    4    1    4    
3    1    6    4    0    
1    3    3    2    3    
3    2    5    1    5    
0    3    4    2    3    
1    3    2    4    4    
2    4    2    5    4    
7    6    4    2    4    
3    2    2    1    2    
3    4    4    3    2    
4    4    3    3    5    
4    4    3    7    3    
1    7    6    4    3    
5    2    5    4    1    
2    4    4    1    6    
7    2    5    7    4    
3    1    1    4    2    
0    0    2    5    3    
4    7    3    4    6    
3    2    4    1    3    
3    1    1    3    1    
3    6    2    3    6    
3    4    5    5    2    
3    2    2    2    10    
4    5    7    3    1    
6    5    5    3    2    
6    1    3    3    0    
3    4    2    5    6    
2    4    3    3    3    
6    4    4    4    3    
3    2    6    6    5    
3    4    4    7    5    
5    4    2    5    7    
6    8    3    4    8    
3    1    5    1    4    
2    1    4    5    5    
3    5    4    3    4    
3    1    2    1    2    
2    2    2    4    2    
3    6    2    4    4    
2    5    7    4    3    
3    1    0    0    6    
1    5    1    0    7    
1    6    7    4    4    
6    3    1    3    6    
5    5    5    3    3    
3    0    7    1    3    
4    6    1    4    6    
5    2    8    2    2    
4    5    6    4    5    
3    4    2    4    4    
6    5    7    7    8    
4    4    6    4    2    
3    5    2    4    5    
2    5    7    2    4    
1    2    5    4    5    
6    4    5    8    7    
2    4    3    5    3    
4    3    1    2    2    
2    6    5    6    5    
1    3    4    5    6    
6    8    4    3    3    
4    1    2    5    3    
6    5    9    5    1    
6    4    5    7    2    
6    3    3    5    3    
3    3    5    2    2    
2    4    5    2    8    
1    4    3    1    7    
7    5    1    2    1    
8    5    5    5    9    
6    1    5    2    6    
2    6    8    12    4    
4    4    5    4    3    
5    1    5    10    6    
9    2    3    4    2    
5    5    3    4    4    
5    4    0    7    5    
6    4    7    5    3    
5    5    5    5    4    
3    5    3    5    4    
5    3    10    3    4    
7    8    4    3    3    
4    1    4    2    2    
8    6    3    8    2    
2    3    5    2    8    
4    4    5    3    3    
6    4    9    4    6    
3    2    4    5    4    
8    1    9    7    5    
4    4    8    6    8    
1    5    6    7    4    
5    4    11    2    7    
1    6    3    6    6    
8    5    5    3    6    
3    5    7    6    4    
4    8    4    3    7    
2    4    6    4    3    
8    4    2    5    3    
6    7    4    4    6    
2    8    4    6    3    
7    5    2    4    6    
6    3    10    1    6    
8    7    7    0    7    
10    5    5    7    7    
4    7    3    7    8    
1    5    6    6    7    
7    6    4    7    2    
8    3    4    4    7    
5    6    5    2    5    
2    5    3    4    11    
3    12    8    7    4    
1    5    4    3    8    
2    7    6    4    6    
8    3    5    4    1    
5    7    2    4    10    
2    8    8    7    10    
4    6    5    8    4    
6    4    3    4    4    
5    8    7    6    6    
3    3    11    2    13    
11    2    7    10    2    
7    6    4    10    6    
9    5    4    7    6    
6    3    9    4    5    
13    4    4    8    7    
2    10    2    9    6    
6    9    6    4    9    
3    10    9    4    4    
3    4    4    7    5    
5    7    6    7    4    
3    3    7    5    3    
4    4    3    6    4    
7    6    8    6    10    
6    6    4    5    12    
6    4    7    10    6    
4    8    3    3    4    
5    7    5    5    3    
10    7    7    6    8    
12    7    5    7    4    
6    6    9    5    7    
3    5    3    7    9    
6    10    7    5    7    
10    5    11    4    5    
8    5    12    8    7    
3    8    6    6    7    
6    9    13    8    6    
7    9    8    1    5    
8    12    8    6    8    
11    11    1    5    13    
7    14    10    12    9    
8    7    1    7    7    
12    5    12    10    9    
10    4    7    8    8    
6    9    11    12    7    
9    9    8    6    15    
4    5    2    6    9    
9    6    5    8    7    
4    10    12    9    13    
12    7    9    9    7    
8    12    12    8    10    
9    11    13    13    11    
18    6    8    13    6    
9    12    8    9    10    
10    9    12    7    12    
5    11    11    16    11    
8    4    10    9    9    
6    6    11    8    8    
4    7    14    12    10    
10    6    7    11    8    
10    6    12    8    10    
15    14    11    9    10    
5    14    14    14    6    
10    7    7    10    8    
5    9    9    12    16    
11    15    9    7    8    
4    15    19    15    12    
5    6    9    8    9    
9    16    9    12    9    
9    11    6    5    11    
12    8    6    14    10    
8    12    15    14    12    
12    9    12    9    10    
14    13    9    9    15    
10    13    9    11    12    
13    11    15    12    12    
13    9    11    14    13    
12    10    11    10    10    
13    8    8    9    7    
10    10    11    11    15    
17    9    13    11    8    
12    17    5    11    14    
11    9    7    16    15    
12    13    16    14    10    
13    13    9    13    8    
10    21    17    9    8    
9    11    11    16    18    
13    12    11    7    7    
11    10    10    11    7    
14    15    10    23    19    
12    14    16    20    18    
10    14    13    9    9    
10    5    17    17    13    
12    17    16    21    17    
12    17    9    9    15    
12    21    18    15    18    
15    18    12    20    18    
14    5    11    16    10    
12    9    19    13    17    
16    13    7    16    18    
18    6    12    11    8    
18    16    11    17    11    
12    6    15    14    13    
13    14    18    16    12    
15    21    7    23    15    
11    13    12    18    9    
22    9    13    21    9    
13    19    16    13    19    
11    11    19    9    16    
7    12    20    14    18    
16    15    18    18    17    
21    10    10    18    9    
12    15    24    14    21    
17    14    11    22    11    
16    16    25    19    22    
14    14    20    20    14    
23    24    19    19    12    
15    18    18    20    14    
24    15    24    19    16    
19    16    22    20    21    
14    15    26    23    16    
21    16    20    18    23    
25    16    17    17    19    
18    20    25    15    17    
15    10    25    20    22    
23    23    24    18    11    
16    29    13    21    12    
21    16    23    29    29    
22    23    21    25    23    
17    27    29    21    16    
15    25    18    25    21    
15    21    19    29    20    
21    18    22    34    17    
25    26    14    14    29    
32    21    22    26    26    
17    15    22    28    21    
21    22    25    17    27    
14    30    17    22    26    
27    25    26    24    24    
28    23    30    24    26    
24    34    26    32    26    
23    30    9    23    26    
29    21    31    26    24    
21    30    22    24    29    
22    22    22    20    27    
31    21    27    23    33    
25    28    21    20    26    
30    30    22    28    28    
19    21    24    35    30    
28    26    30    33    29    
29    25    24    27    28    
29    36    33    33    31    
26    33    28    24    24    
36    31    24    29    25    
32    36    37    35    38    
24    37    25    34    35    
33    28    32    31    26    
23    31    35    39    35    
31    31    28    25    30    
38    43    33    28    28    
36    26    35    32    25    
47    34    25    26    32    
34    44    35    35    34    
41    41    28    32    37    
34    32    28    34    31    
34    36    38    40    32    
42    46    33    37    49    
40    34    29    31    40    
37    46    55    29    46    
39    47    39    35    48    
44    40    45    41    42    
28    43    32    38    40    
39    35    35    46    46    
46    37    49    46    39    
49    50    51    42    43    
33    39    43    36    47    
55    48    30    39    48    
40    56    53    49    48    
50    53    51    37    46    
42    60    55    60    50    
49    44    58    48    49    
54    52    56    54    64    
49    57    51    55    52    
53    58    64    68    51    
54    74    75    66    68    
59    73    69    60    64    
71    78    88    67    65    
77    76    67    65    74    
86    78    68    81    87    
97    96    80    109    81    
93    89    88    97    85    
86    93    90    106    119    
100    94    106    82    99    
135    141    125    134    125    
117    120    136    128    119    
142    157    167    169    165    
164    190    165    182    199    
210    203    245    227    221    
241    232    251    271    310    
279    314    300    324    313    
366    374    393    370    453    
426    486    518    519    536    
576    563    601    588    616    
672    683    766    688    762    
768    781    842    844    916    
889    861    985    997    1066    
1092    1089    1105    1161    1147    
1253    1179    1216    1249    1288    
1311    1301    1370    1363    1394    
1428    1412    1516    1468    1586    
1556    1560    1513    1527    1542    
1613    1475    1518    1577    1540    
1521    1528    1499    1469    1486    
1488    1414    1377    1409    1400    
1384    1301    1297    1291    1219    
1255    1221    1169    1147    1024    
996    948    927    947    887    
811    717    757    715    676    
643    589    575    539    509    
414    426    400    377    358    
297    289    303    240    210    
211    182    175    176    144    
143    147    125    100    84    
91    93    84    68    77    
79    70    73    57    54    
54    66    69    61    54    
67    56    57    66    55    
50    74    62    66    72    
86    86    82    72    72    
81    99    82    88    107    
84    84    99    99    88    
101    109    122    103    129    
123    135    138    131    165    
124    124    129    141    123    
144    136    138    155    161    
145    152    155    153    148    
158    169    149    158    164    
152    147    155    144    154    
148    157    160    167    135    
156    151    148    147    142    
122    132    104    130    112    
106    121    120    110    107    
95    108    103    94    87    
68    88    87    84    59    
72    76    57    56    61    
43    51    36    38    35    
37    31    29    36    23    
24    21    26    17    26    
11    17    13    9    11    
10    8    12    10    9    
7    10    1    1    3    
3    3    1    0    4    
3    2    2    2    2    
0    1    2    1    0    
0    1    1    2    0    
0    0    4    2    0    
0    0    1    0    2    
0    0    0    0    1    
1    0    0    0    0    
0    1    0    1    0    
1    2    0    1    1    
0    0    0    0    0    
0    0    0    0    0    
1    0    0    0    0    
1    0    0    0    0    
0    0    0    0    0    
0    0    0    0    1    
0    0    1    0    0    
0    0    0    1    0    
0    0    1    0    0    
0    0    0    1    0    
0    1    0    0    0    
0    0    0    0    0    
0    0    0    0    0    
0    0    0    0    0    
0    0    0    0    0    
0    0    0    1    0    
0    1    0    0    0    
0    0    0    0    0    
0    0    0    0    0    
0    0    0    0    0    
0    0    0    0    0    
0    0    0    0    0    
0    0    0    0    0    
0    0    0    0    0    
0    0    0    0    0    
0    0    0    0    1    
0    0    1    1    0    
0    0    0    0    0    
0    0    1    0    0    
0    0    0    0    0    
0    0    0    0    0    
0    0    0    0    0    
0    0    0    0    0    
0    0    1    0    0    
0    0    0    0    0    
0    0    0    0    0    
0    0    0    0    0    
0    0    0    0    0    
0    0    0    0    0    
0    0    0    0    0    
1    0    0    0    0    
0    0    0    1    0    
0    0    0    0    0    
0    1    0    0    0    
0    0    0    0    0    
0    0    0    0    0    
0    0    0    0    0    
0    0    0    0    0    
0    0    0    0    0    
0    0    0    0    0    
0    0    0    0    0    
0    0    0    0    0    
0    0    0    1    0    
0    0    0    1    0    
0    0    0    0    0    
0    0    0    0    0    
0    0    0    0    1    
0    0    0    0    0    
1    0    0    1    0    
0    0    0    0    0    
0    0    0    0    0    
0    0    0    1    0    
0    0    0    0    0    
0    0    0    0    0    
0    0    0    0    0    
0    0    0    0    0    
0    0    0    0    0    
0    0    0    0    0    
0    0    0    0    0    
0    0    0    0    0    
0    1    0    0    0    
0    0    0    0    0    
0    0    0    0    0    
1    0    0    0    0    
0    0    0    0    0    
0    0    0    0    0    
0    0    1    0    0    
0    0    0    0    0    
0    0    0    0    0    
0    0    0    0    0    
0    0    0    0    0    
0    1    0    0    0    
0    0    0    0    1    
0    1    0    0    1    
1    0    0    0    0    
0    0    0    0    0    
0    0    0    1    0    
0    0    0    0    0    
0    0    0    0    0    
0    0    0    0    1    
0    0    0    0    0    
0    0    1    0    0    
1    0    0    0    0    
0    0    0    0    0    
0    0    1    0    1    
0    0    1    0    0    
0    0    0    1    0    
0    0    0    0    0    
0    0    0    0    0    
0    1    0    0    0    
0    0    0    0    0    
0    0    0    1    0    
0    0    0    0    0    
0    0    0    0    0    
0    0    0    0    0    
0    0    0    0    0    
0    0    0    0    0    
0    0    0    0    0    
1    0    0    0    1    
0    0    0    0    0    
0    0    1    0    0    
0    0    0    0    1    
0    2    0    0    0    
0    0    0    0    0    
0    0    0    1    0    
0    0    0    0    0    
0    0    1    0    0    
0    0    0    0    0    
0    0    0    0    0    
0    0    0    0    0    
0    0    0    0    0    
0    0    0    0    0    
0    0    0    0    0    
0    0    0    0    0    
0    0    0    0    0    
0    1    0    0    0    
0    0    0    0    2    
0    0    0    0    0    
0    1    0    0    0    
0    0    0    0    0    
0    0    0    0    0    
0    0    0    0    0    
0    0    0    0    0    
0    0    0    0    0    
1    0    0    0    0    
1    0    0    0    0    
0    0    0    0    0    
0    0    0    0    0    
0    0    1    0    0    
0    0    0    0    0    
0    1    0    0    0    
0    0    0    0    0    
0    0    0    0    0    
0    0    0    0    0    
0    0    0    0    0    
0    0    0    0    0    
0    0    0    0    0    
0    0    0    0    0    
0    0    0    0    0    
0    0    0    0    0    
0    0    0    0    0    
0    0    0    0    1    
0    0    0    0    0    
1    0    0    0    0    
0    0    0    0    0    
0    0    0    0    0    
0    1    0    0    0    
0    0    0    0    0    
0    1    0    0    0    
0    0    0    0    0    
0    0    0    0    0    
0    0    0    0    0    
0    0    0    0    0    
0    0    0    0    0    
0    0    0    0    0    
0    0    0    0    0    
0    0    0    0    0    
0    0    0    0    0    
0    0    0    0    0    
1    0    0    0    0    
1    0    0    1    0    
0    1    0    0    0    
0    0    0    0    0    
0    0    0    0    0    
0    0    0    0    0    
0    0    0    0    0    
0    0    0    0    0    
0    0    0    0    0    
0    0    0    0    0    
0    1    0    0    0    
0    0    0    0    0    
1    0    0    0    0    
0    1    0    0    0    
0    0    0    0    0    
0    0    0    0    0    
0    0    0    0    0    
0    0    1    0    0    
0    0    0    0    0    
0    0    0    0    1    
0    0    0    0    1    
0    1    0    0    0    
0    0    0    0    0    
0    0    0    0    0    
0    0    0    0    1    
0    0    1    0    0    
0    0    0    0    0    
0    0    0    0    0    
1    0    0    0    0    
0    0    1    0    0    
0    0    0    0    0    
0    0    0    0    0    
1    0    0    0    0    
0    0    0    0    0    
0    0    0    0    1    
0    0    0    0    0    
0    0    0    0    0    
0    0    0    0    0    
0    0    0    0    0    
0    0    0    0    0    
0    0    0    0    0    
1    2    0    0    0    
0    0    0    0    0    
0    0    0    0    0    
1    0    0    0    0    
1    0    0    0    0    
0    0    0    0    0    
1    0    0    0    0    
0    0    0    0    0    
0    1    1    0    0    
0    1    0    0    0    
0    0    0    1    0    
1    0    0    0    1    
0    0    0    0    1    
0    0    0    0    0    
0    0    0    0    0    
3    2    0    0    1    
1    0    0    0    0    
0    0    1    0    0    
0    0    0    0    0    
0    0    0    0    0    
0    0    1    0    0    
0    0    0    0    0    
0    0    0    0    0    
0    1    0    0    2    
0    0    0    0    1    
1    0    0    0    0    
0    0    0    0    0    
0    1    0    1    0    
1    1    0    2    1    
1    0    1    1    1    
0    0    1    1    0    
2    1    1    0    1    
0    1    0    0    0    
0    3    3    0    0    
1    2    0    0    1    
0    2    1    0    1    
3    1    1    1    2    
1    0    1    3    4    
0    2    4    3    2    
0    3    0    0    0    
1    1    0    2    0    
0    0    0    0    0    
0    0    0    0    0    
0    0    0    0    0    
0    0    0    0    0    
0    0    0    0    0    
0    0    0    0    0    
0    0    0    0    0    
0    0    0    0    0    
0    0    0    0    0    
0    0    0    0    0    
0    0    0    0    0    
0    0    0    0    0    
0    0    0    0    0    
0    0    0    0    0    
0    0    0    0    0    
0    0    0    0    0    
0    0    0    0    0    
0    0    0    0    0    
0    0    0    0    0    
0    0    0    0    0    
0    0    0    0    0    
0    0    0    0    0    
0    0    0    0    0    
0    0    0    0    0    
0    0    0    0    0    
0    0    0    0    0    
0    0    0    0    0    
0    0    0    0    0    
0    0    0    0    0    
0    0    0    0    0    
0    0    0    0    0    
0    0    0    0    0    
0    0    0    0    0    
0    0    0    0    0    
0    0    0    0    0    
0    0    0    0    0    
0    0    0    0    0    
0    0    0    0    0    
0    0    0    0    0    
0    0    0    0    0    
0    0    0    0    0    
0    0    0    0    0    
0    0    0    0    0    
0    0    0    0    0    
0    0    0    0    0    
0    0    0    0    0    
0    0    0    0    0    
0    0    0    0    0    
0    0    0    0    0    
0    0    0    0    0    
0    0    0    0    0    
0    0    0    0    0    
0    0    0    0    0    
0    0    0    0    0    
0    0    0    0    0    
0    0    0    0    0    
0    0    0    0    0    
0    0    0    0    0    
0    0    0    0    0    
0    0    0    0    0    
0    0    0    0    0    
0    0    0    0    0    
0    0    0    0    0    
0    0    0    0    0    
0    0    0    0    0    
0    0    0    0    0    
0    0    0    0    0    
0    0    0    0    0    
0    0    0    0    0    
0    0    0    0    0    
0    0    0    0    0    
0    0    0    0    0    
0    0    0    0    0    
0    0    0    0    0    
0    0    0    0    0    
0    0    0    0    0    
0    0    0    0    0    
0    0    0    0    0    
0    0    0    0    0    
0    0    0    0    0    
0    0    0    0    0    
0    0    0    0    0    
0    0    0    0    0    
0    0    0    0    0    
0    0    0    0    0    
0    0    0    0    0    
0    0    0    0    0    
0    0    0    0    0    
0    0    0    0    0    
0    0    0    0    0    
0    0    0    0    0    
0    0    0    0    0    
0    0    0    0    0    
0    0    0    0    0    
0    0    0    0    0    
0    0    0    0    0    
0    0    0    0    0    
0    0    0    0    0    
0    0    0    0    0    
0    0    0    0    0    
0    0    0    0    0    
0    0    0    0    0    
0    0    0    0    0    
0    0    0    0    0    
0    0    0    0    0    
0    0    0    0    0    
0    0    0    0    0    
0    0    0    0    0    
0    0    0    0    0    
0    0    0    0    0    
0    0    0    0    0    
0    0    0    0    0    
0    0    0    0    0    
0    0    0    0    0    
0    0    0    0    0    
0    0    0    0    0    
0    0    0    0    0    
0    0    0    0    0    
0    0    0    0    0    
0    0    0    0    0    
0    0    0    0    0    
0    0    0    0    0    
0    0    0    0    0    
0    0    0    0    0    
0    0    0    0    0    
0    0    0    0    0    
0    0    0    0    0    
0    0    0    0    0    
0    0    0    0    0    
0    0    0    0    0    
0    0    0    0    0    
0    0    0    0    0    
0    0    0    0    0    
0    0    0    0    0    
0    0    0    0    0    
0    0    0    0    0    
0    