.DATE:   29/ 3/2022 Time :14:09:12   FILE :am241-vaccum.txt
ID:\Spectrum ID
Dwell Time :98µs  Sync Pulse :External  Channel Advance :Internal
CHNLS:4096 RT:  506   HWLT:  506   CRLT:  506
0    0    0    0    0    
0    0    0    0    0    
0    0    0    0    0    
0    0    0    0    0    
0    0    0    0    0    
0    0    0    0    0    
0    0    0    0    0    
0    0    0    0    0    
0    0    0    0    0    
0    0    0    0    0    
0    0    0    0    0    
0    0    0    0    0    
0    0    0    0    0    
0    0    0    0    0    
0    0    0    0    0    
0    0    0    0    0    
0    0    0    0    0    
0    0    0    0    0    
0    0    0    0    0    
0    0    0    0    0    
0    0    0    0    0    
0    0    0    0    0    
0    0    0    0    0    
0    0    0    0    0    
0    0    0    0    0    
0    0    0    0    0    
0    0    0    0    0    
0    0    0    0    0    
0    0    0    0    0    
0    0    0    0    0    
0    0    0    0    0    
0    0    0    0    0    
0    0    0    0    0    
0    1    0    0    0    
0    1    1    0    0    
0    2    0    1    1    
1    1    0    4    1    
1    2    3    3    3    
7    8    7    5    6    
15    26    42    69    116    
172    243    326    409    443    
462    424    379    342    290    
246    231    248    228    224    
213    206    195    193    163    
177    171    158    156    131    
136    137    111    111    128    
109    95    104    131    109    
88    99    84    74    84    
79    77    81    64    63    
64    83    62    74    72    
64    48    54    46    43    
53    62    45    42    47    
40    35    33    50    41    
45    40    52    41    35    
42    35    43    36    30    
38    37    27    39    34    
29    35    28    35    38    
36    36    25    32    27    
26    28    36    22    27    
35    31    23    27    29    
38    27    20    30    39    
39    28    34    29    31    
31    23    36    24    25    
28    28    26    32    19    
30    30    17    22    29    
25    23    36    28    24    
32    32    28    31    28    
34    31    26    30    38    
29    26    38    27    38    
26    21    22    30    29    
32    25    26    23    30    
18    22    26    28    40    
28    36    36    49    36    
32    32    31    27    40    
24    41    32    40    37    
27    31    32    29    17    
25    31    27    29    36    
27    32    34    39    28    
19    33    42    31    37    
32    33    33    33    31    
26    50    26    43    40    
39    46    39    31    39    
40    37    33    38    33    
29    39    26    36    35    
37    36    41    45    38    
32    35    30    40    30    
41    29    25    31    42    
43    36    44    38    43    
39    32    35    46    35    
28    41    34    34    38    
43    41    34    41    41    
40    40    28    36    34    
40    25    50    43    41    
39    33    45    31    43    
34    41    35    46    33    
27    33    32    39    39    
44    35    47    52    41    
40    35    34    45    35    
34    35    41    53    47    
45    36    26    44    33    
49    38    30    31    40    
43    41    39    42    37    
39    41    48    50    37    
43    40    41    30    48    
43    35    43    36    40    
46    44    43    30    41    
51    40    39    29    36    
42    45    47    31    39    
41    41    51    56    50    
38    46    35    39    58    
50    36    42    38    41    
54    42    46    46    39    
45    39    40    52    54    
48    37    43    46    41    
53    56    66    45    48    
46    64    43    37    42    
53    59    54    48    41    
37    49    40    46    44    
58    56    54    45    46    
46    54    58    47    47    
67    46    54    64    56    
53    40    55    63    59    
46    52    50    57    45    
58    53    55    52    58    
50    47    51    54    50    
53    50    52    58    69    
51    46    53    50    61    
53    61    70    76    49    
51    56    63    59    38    
47    65    47    57    59    
43    49    58    51    65    
60    83    49    50    66    
72    47    72    56    65    
66    52    58    54    69    
51    53    62    67    64    
64    64    63    56    55    
56    56    69    53    62    
61    54    64    57    61    
67    72    60    77    61    
59    52    73    64    67    
73    63    61    68    75    
61    53    67    67    71    
76    59    74    58    66    
71    66    61    85    71    
74    68    61    70    74    
72    75    66    84    75    
73    73    85    86    71    
68    79    83    71    75    
73    69    89    85    88    
67    62    85    76    67    
64    67    84    89    72    
82    88    78    78    78    
77    66    90    80    79    
73    76    96    77    60    
85    85    92    82    93    
67    95    79    94    75    
78    76    88    94    93    
93    86    87    84    76    
91    88    80    97    88    
87    90    96    98    98    
81    87    83    100    97    
86    101    90    88    86    
93    92    90    91    102    
93    93    95    105    82    
103    103    97    112    99    
77    118    96    104    94    
80    97    100    98    96    
97    92    104    106    103    
121    102    99    111    107    
99    105    109    121    109    
113    102    102    111    102    
109    110    97    127    124    
103    108    123    138    116    
118    107    121    121    124    
118    120    124    136    122    
126    105    131    126    130    
133    128    109    121    122    
144    153    124    140    152    
128    149    124    149    159    
140    142    139    130    142    
144    133    144    152    154    
141    145    162    139    160    
172    148    187    174    165    
154    171    178    172    170    
171    169    159    180    172    
192    163    185    174    190    
180    204    190    203    219    
224    184    188    221    192    
212    211    208    207    208    
201    215    205    205    227    
202    228    236    226    240    
268    216    254    264    212    
250    259    256    272    236    
260    241    267    239    268    
268    292    263    271    261    
300    269    298    275    298    
290    292    329    297    323    
291    332    316    294    295    
318    291    306    320    355    
325    302    323    341    372    
367    380    336    385    355    
375    347    396    371    383    
386    397    374    371    368    
348    349    410    390    406    
395    420    376    376    423    
371    371    407    380    388    
372    402    385    377    403    
347    383    374    417    375    
425    380    366    387    401    
384    376    387    388    346    
370    412    400    365    392    
395    356    391    381    380    
371    368    371    380    402    
380    370    343    362    374    
387    373    371    409    342    
367    388    358    374    362    
349    346    389    387    393    
414    357    356    364    340    
352    362    382    363    347    
336    377    345    337    389    
330    366    371    349    348    
366    361    338    369    349    
345    358    361    342    335    
355    336    390    380    354    
361    370    343    325    350    
384    373    350    350    353    
337    370    355    341    378    
339    336    363    398    331    
371    365    378    361    370    
375    379    340    383    391    
353    353    334    345    356    
332    365    349    371    326    
346    370    365    401    349    
355    380    381    363    370    
365    361    354    390    358    
403    386    396    366    382    
402    388    351    370    398    
397    349    387    354    359    
369    385    392    377    354    
410    389    377    384    411    
388    390    394    395    400    
400    364    377    383    384    
389    408    403    393    420    
424    394    422    396    397    
403    404    412    411    388    
415    408    410    408    411    
441    422    423    414    444    
442    425    419    452    407    
456    421    420    422    467    
441    450    411    450    454    
442    467    478    448    453    
419    466    477    466    466    
427    451    467    469    427    
484    492    455    491    486    
442    470    457    484    468    
453    519    507    505    477    
473    486    486    473    448    
513    510    484    508    503    
456    527    491    504    500    
485    544    524    531    477    
502    524    480    527    503    
488    543    559    536    499    
552    504    567    544    534    
515    501    548    572    604    
555    549    574    522    568    
532    560    553    571    520    
587    561    582    552    581    
653    641    637    606    566    
630    582    602    566    638    
637    640    612    603    619    
635    642    650    646    689    
667    642    641    678    622    
661    705    675    703    686    
702    640    688    744    728    
723    708    692    670    710    
669    692    690    712    688    
712    735    739    748    688    
719    768    739    781    771    
769    742    818    795    779    
788    710    794    761    773    
790    750    808    829    774    
826    793    839    888    787    
844    821    844    861    830    
805    895    897    826    852    
910    915    920    871    897    
917    940    918    948    992    
987    1000    972    975    970    
1014    944    991    955    982    
946    997    970    1023    1029    
997    1047    1020    1079    1055    
1036    1051    1080    1064    1089    
1071    1076    1077    1096    1086    
1138    1148    1129    1139    1151    
1166    1152    1157    1212    1197    
1244    1238    1254    1269    1272    
1206    1334    1220    1251    1338    
1274    1323    1313    1373    1324    
1320    1362    1332    1317    1423    
1371    1426    1471    1412    1426    
1489    1460    1510    1416    1550    
1553    1505    1560    1579    1580    
1500    1564    1575    1613    1571    
1660    1675    1643    1686    1708    
1765    1756    1763    1834    1737    
1815    1778    1843    1829    1887    
1895    1893    1965    1916    1909    
1996    2062    1930    2036    1996    
2047    2053    2228    2124    2145    
2142    2332    2335    2216    2242    
2338    2384    2394    2447    2487    
2479    2499    2583    2589    2576    
2499    2657    2785    2725    2811    
2794    2791    2882    2957    3028    
3004    3158    3116    3105    3198    
3269    3270    3210    3324    3479    
3463    3521    3690    3680    3833    
3810    3815    3872    3942    4024    
4167    4175    4367    4354    4383    
4439    4529    4552    4705    4767    
4968    4900    5085    5024    5337    
5337    5389    5585    5474    5701    
5814    5851    6096    6126    6310    
6317    6354    6606    6612    6742    
6891    7006    7221    7467    7452    
7569    7617    7753    8084    8016    
8067    8272    8423    8479    8720    
8868    8967    9226    9297    9525    
9537    9543    9763    10019    10231    
10295    10636    10620    10746    10849    
11090    11242    11137    11238    11461    
11723    11912    11993    12217    12143    
12071    12278    12524    12377    12513    
12745    12947    12875    12967    13157    
13221    13299    13411    13379    13371    
13464    13502    13486    13638    13371    
13596    13496    13539    13246    13465    
13412    13335    13268    13402    13047    
13118    12937    12674    12764    12692    
12623    12600    12386    12264    12063    
11954    11869    11590    11391    11063    
11248    10995    10849    10817    10436    
10255    9940    9732    9562    9277    
9079    8951    8717    8532    8352    
7978    7906    7544    7414    7011    
7017    6889    6418    6238    6182    
5907    5607    5369    5274    5079    
4872    4628    4510    4350    4077    
3996    3754    3613    3469    3402    
3224    3114    2905    2704    2557    
2570    2476    2203    2240    2052    
1947    1902    1818    1709    1660    
1582    1420    1402    1320    1226    
1226    1095    1023    1044    936    
907    823    820    754    650    
708    610    603    635    574    
512    518    405    413    389    
407    349    327    317    320    
297    278    241    241    246    
226    206    157    185    184    
181    176    168    152    149    
116    129    138    118    118    
105    125    93    82    90    
77    102    79    67    77    
82    73    61    83    63    
60    53    59    47    48    
61    49    63    62    52    
47    38    45    61    42    
32    45    31    50    47    
46    36    34    39    31    
26    35    32    27    36    
27    30    33    27    27    
31    31    35    32    30    
26    32    19    24    28    
20    23    26    33    19    
26    28    21    31    18    
29    13    13    26    21    
24    21    18    15    14    
20    25    14    20    15    
22    17    18    22    16    
13    28    13    20    8    
22    19    20    27    18    
22    14    19    11    16    
20    20    17    18    22    
13    17    26    19    16    
11    22    15    16    20    
13    17    15    11    13    
13    13    20    15    16    
14    15    14    10    12    
15    28    7    16    22    
22    19    15    16    15    
20    18    20    24    23    
23    18    15    13    20    
19    17    15    25    11    
20    29    15    16    15    
24    18    19    21    21    
17    20    21    17    23    
20    20    21    19    13    
21    14    21    19    32    
19    27    26    34    28    
33    26    24    33    32    
24    23    30    29    33    
27    17    30    29    20    
34    29    30    26    25    
36    32    34    28    32    
33    40    38    38    36    
20    29    34    27    32    
25    39    27    25    33    
26    30    38    40    32    
38    36    44    31    29    
29    30    44    53    22    
24    35    31    29    35    
21    27    34    31    35    
39    35    32    36    35    
35    27    41    31    36    
45    30    37    24    33    
38    35    29    25    38    
40    37    28    36    27    
29    41    44    33    46    
38    41    36    38    34    
30    46    40    36    32    
22    29    44    39    24    
28    22    44    34    37    
35    34    30    36    46    
27    26    31    28    38    
32    33    39    30    37    
34    34    31    29    38    
42    24    35    36    39    
31    44    30    25    41    
37    43    36    28    37    
34    46    34    27    44    
45    33    41    32    34    
35    33    32    37    31    
37    38    46    33    36    
34    39    39    32    34    
35    28    37    37    36    
41    31    31    36    38    
32    36    40    38    35    
38    38    33    39    26    
32    27    36    26    41    
26    44    37    24    38    
36    31    45    37    33    
26    43    40    33    43    
34    45    32    32    34    
35    41    33    35    50    
22    32    34    33    45    
23    27    34    27    34    
33    38    38    32    42    
40    40    37    25    34    
24    39    46    34    25    
20    43    29    45    26    
35    40    34    25    28    
38    37    37    47    44    
26    36    38    41    39    
27    49    40    44    26    
36    37    39    42    39    
20    38    47    35    40    
34    32    28    31    26    
39    33    37    36    39    
26    36    33    40    31    
38    25    36    37    27    
42    38    43    35    32    
35    35    32    32    32    
33    41    38    46    35    
32    25    24    28    30    
49    25    32    28    38    
32    36    24    24    45    
36    42    25    35    41    
32    32    33    41    34    
32    32    39    36    34    
22    38    36    31    33    
31    38    36    27    33    
46    37    39    36    36    
43    39    35    44    28    
24    41    31    45    32    
30    49    25    34    38    
25    36    36    41    34    
45    34    36    37    35    
28    41    42    29    38    
22    39    41    37    34    
31    38    40    30    47    
44    35    40    39    45    
32    46    33    33    30    
39    31    35    34    39    
41    34    37    38    42    
32    28    37    43    30    
37    50    38    34    45    
34    40    36    39    30    
44    25    37    36    41    
35    31    37    42    35    
54    39    41    48    32    
31    38    40    30    34    
35    33    33    40    37    
49    24    38    45    34    
40    30    36    47    23    
39    24    29    29    38    
40    33    36    32    42    
28    34    32    31    36    
30    35    27    33    42    
49    41    45    43    29    
33    49    27    43    36    
30    29    34    44    31    
43    33    41    41    43    
37    47    31    34    39    
42    34    51    45    34    
32    32    27    25    35    
38    45    30    50    37    
33    42    37    39    47    
37    41    48    34    38    
35    43    43    37    43    
33    33    29    40    42    
32    32    46    45    45    
35    52    32    31    43    
42    39    29    39    45    
39    45    37    34    29    
43    26    27    30    44    
37    36    37    28    36    
38    40    41    31    33    
37    32    25    31    36    
35    34    49    49    41    
44    41    33    42    43    
37    46    44    48    35    
34    41    50    37    33    
45    36    34    38    44    
36    47    43    37    53    
37    31    44    34    50    
38    38    46    47    40    
30    31    43    44    46    
39    43    62    60    50    
33    33    35    48    35    
50    38    44    44    46    
41    41    33    46    33    
37    39    53    50    41    
34    34    40    39    35    
36    35    39    33    39    
48    28    34    48    41    
37    46    46    39    49    
43    37    53    40    34    
33    34    39    42    53    
41    31    37    61    39    
40    40    31    43    40    
40    41    40    35    40    
53    33    45    42    60    
44    53    38    42    52    
53    43    37    39    38    
33    40    47    44    42    
42    55    44    33    35    
34    34    43    46    37    
45    45    42    39    50    
35    48    48    46    43    
27    52    44    50    33    
39    51    47    48    50    
44    43    44    20    39    
40    47    48    38    47    
53    39    55    48    44    
47    34    37    51    41    
51    56    52    46    53    
52    30    33    62    40    
50    33    45    46    43    
38    57    44    46    40    
58    39    36    34    33    
41    59    55    49    38    
51    48    43    50    32    
39    42    46    39    47    
50    46    39    35    37    
37    52    52    58    47    
47    56    43    47    48    
40    56    42    42    51    
42    45    59    46    51    
41    41    46    50    49    
45    44    47    48    50    
49    45    39    46    47    
41    42    37    48    47    
41    47    48    55    42    
48    52    38    39    49    
56    45    35    56    54    
48    50    51    41    40    
31    43    34    50    35    
49    47    36    56    46    
43    46    45    54    56    
40    41    57    50    51    
49    42    43    33    48    
40    43    44    44    39    
55    47    33    65    58    
44    44    50    47    46    
50    58    38    57    45    
49    53    54    45    45    
54    45    48    45    53    
53    41    49    55    50    
55    59    52    48    46    
43    58    55    43    54    
54    57    48    44    36    
42    52    36    52    41    
53    49    54    45    48    
44    58    59    46    53    
52    52    52    38    54    
47    54    57    52    46    
43    40    57    59    46    
42    46    59    44    53    
48    53    68    57    41    
51    45    45    60    57    
49    59    54    46    44    
45    49    62    54    51    
43    40    62    63    54    
36    67    49    45    53    
57    48    62    51    46    
43    63    47    57    54    
59    43    60    57    53    
60    56    57    58    49    
54    49    47    64    43    
51    48    42    52    36    
52    56    55    54    49    
58    50    45    71    43    
44    48    58    50    55    
53    44    53    67    57    
48    51    47    57    48    
62    49    47    57    58    
47    56    70    68    55    
59    27    63    57    56    
44    51    56    51    51    
51    56    69    64    61    
65    66    57    57    50    
52    53    70    42    55    
48    42    74    73    61    
62    50    52    60    65    
62    60    56    65    72    
49    57    74    63    52    
59    72    48    65    59    
66    75    70    71    68    
75    52    50    66    40    
57    61    52    49    40    
48    50    50    55    65    
53    57    78    55    69    
58    34    65    62    47    
62    48    79    51    76    
48    67    57    50    56    
56    71    66    58    61    
53    64    53    75    59    
46    61    63    55    74    
71    71    76    56    69    
66    66    61    80    67    
84    64    68    69    83    
68    70    69    55    67    
42    59    83    77    70    
62    70    57    68    78    
67    88    70    56    96    
74    84    78    86    89    
75    81    76    83    95    
69    78    87    90    88    
106    85    75    102    81    
96    108    100    99    93    
106    100    109    94    80    
99    112    105    112    109    
97    116    110    121    101    
125    107    134    111    118    
136    116    140    132    133    
140    105    135    131    108    
111    126    131    138    116    
120    156    100    123    116    
145    88    110    114    107    
106    100    132    114    100    
87    89    100    107    90    
95    105    90    85    93    
84    113    95    99    100    
90    93    86    100    88    
95    80    75    91    91    
74    95    77    94    81    
79    86    78    57    74    
77    62    72    73    52    
63    51    71    54    42    
60    46    38    34    40    
35    41    40    31    31    
22    19    22    17    9    
18    18    8    9    10    
10    12    12    12    8    
8    3    6    9    6    
10    7    7    8    11    
9    20    8    8    10    
8    17    8    9    13    
11    8    9    8    10    
6    7    5    13    13    
11    7    6    6    6    
10    11    12    13    15    
5    4    12    4    5    
7    11    10    9    7    
9    9    13    10    14    
11    7    15    7    10    
8    3    9    5    9    
5    9    17    20    10    
13    7    16    11    5    
6    10    7    6    4    
5    8    14    8    14    
13    10    4    4    4    
11    9    8    7    9    
7    8    10    4    6    
5    9    5    6    4    
3    5    2    2    2    
2    1    1    0    2    
0    0    0    0    0    
0    0    1    0    0    
0    0    0    0    0    
0    0    0    0    0    
0    0    0    0    1    
0    0    0    0    0    
0    0    1    0    0    
0    0    0    0    0    
0    0    0    0    0    
0    0    0    0    0    
0    0    0    0    0    
0    0    0    0    0    
0    0    0    0    0    
0    0    0    0    0    
0    0    0    0    0    
0    0    0    0    0    
0    0    0    0    0    
0    0    0    0    0    
0    0    0    0    0    
0    0    0    0    0    
0    0    0    0    0    
0    0    0    0    0    
0    0    0    0    0    
0    0    0    0    0    
0    0    0    0    0    
0    0    0    0    0    
0    0    0    0    0    
0    0    0    0    0    
0    0    0    0    0    
0    0    0    0    0    
0    0    0    0    0    
0    0    0    0    0    
0    0    0    0    0    
0    0    0    0    0    
0    0    0    0    0    
0    0    0    0    0    
0    0    0    0    0    
0    0    0    0    0    
0    0    0    0    0    
0    0    0    0    0    
0    0    0    0    0    
0    0    0    0    0    
0    0    0    0    0    
0    0    0    0    0    
0    0    0    0    0    
0    0    0    0    0    
0    0    0    0    0    
0    0    0    0    0    
0    0    0    0    0    
0    0    0    0    0    
0    0    0    0    0    
0    0    0    0    0    
0    0    0    0    0    
0    0    0    0    0    
0    0    0    0    0    
0    0    0    0    0    
0    0    0    0    0    
0    0    0    0    0    
0    0    0    0    0    
0    0    0    0    0    
0    0    0    0    0    
0    0    0    0    0    
0    0    0    0    0    
0    0    0    0    0    
0    0    0    0    0    
0    0    0    0    0    
0    0    0    0    0    
0    0    0    0    0    
0    0    0    0    0    
0    0    0    0    0    
0    0    0    0    0    
0    0    0    0    0    
0    0    0    0    0    
0    0    0    0    0    
0    0    0    0    0    
0    0    0    0    0    
0    0    0    0    0    
0    0    0    0    0    
0    0    0    0    0    
0    0    0    0    0    
0    0    0    0    0    
0    0    0    0    0    
0    0    0    0    0    
0    0    0    0    0    
0    0    0    0    0    
0    0    0    0    0    
0    0    0    0    0    
0    0    0    0    0    
0    0    0    0    0    
0    0    0    0    0    
0    0    0    0    0    
0    0    0    0    0    
0    0    0    0    0    
0    0    0    0    0    
0    0    0    0    0    
0    0    0    0    0    
0    0    0    0    0    
0    0    0    0    0    
0    0    0    0    0    
0    0    0    0    0    
0    0    0    0    0    
0    0    0    0    0    
0    0    0    0    0    
0    0    0    0    0    
0    0    0    0    0    
0    0    0    0    0    
0    0    0    0    0    
0    0    0    0    0    
0    0    0    0    0    
0    0    0    0    0    
0    0    0    0    0    
0    0    0    0    0    
0    0    0    0    0    
0    0    0    0    0    
0    0    0    0    0    
0    0    0    0    0    
0    0    0    0    0    
0    0    0    0    0    
0    0    0    0    0    
0    0    0    0    0    
0    0    0    0    0    
0    0    0    0    0    
0    