.DATE:   29/ 3/2022 Time :14:47:18   FILE :cm244-vaccum.txt
ID:\Spectrum ID
Dwell Time :98µs  Sync Pulse :External  Channel Advance :Internal
CHNLS:4096 RT:  506   HWLT:  506   CRLT:  506
0    0    0    0    0    
0    0    0    0    0    
0    0    0    0    0    
0    0    0    0    0    
0    0    0    0    0    
0    0    0    0    0    
0    0    0    0    0    
0    0    0    0    0    
0    0    0    0    0    
0    0    0    0    0    
0    0    0    0    0    
0    0    0    0    0    
0    0    0    0    0    
0    0    0    0    0    
0    0    0    0    0    
0    0    0    0    0    
0    0    0    0    0    
0    0    0    0    0    
0    0    0    0    0    
0    0    0    0    0    
0    0    0    0    0    
0    0    0    0    0    
0    0    0    0    0    
0    0    0    0    0    
0    0    0    0    0    
0    0    0    0    0    
0    0    0    0    0    
0    0    0    0    0    
0    0    0    0    0    
0    0    0    0    0    
0    0    0    0    0    
0    0    0    0    0    
0    0    0    0    0    
0    0    0    0    0    
0    0    0    0    0    
0    0    0    0    0    
0    0    0    1    0    
0    1    0    1    1    
2    1    0    3    9    
17    40    70    105    188    
307    517    707    968    1170    
1251    1271    1200    1127    1002    
924    834    799    777    763    
753    724    718    703    650    
688    680    679    662    649    
613    594    585    572    584    
587    545    536    524    491    
501    480    459    455    434    
406    399    436    389    353    
363    363    369    333    356    
336    320    315    312    286    
284    290    266    269    215    
258    230    239    238    183    
220    201    189    189    172    
169    196    142    163    184    
126    143    130    139    131    
135    141    105    100    113    
104    82    77    119    86    
98    74    75    65    72    
72    68    70    61    63    
58    54    50    55    50    
51    44    57    43    33    
51    44    52    30    39    
40    29    29    28    30    
38    40    33    29    35    
24    17    27    17    22    
21    25    18    16    18    
20    23    19    12    12    
11    13    12    15    20    
11    10    13    10    11    
10    9    15    12    7    
13    9    8    6    8    
8    11    12    7    5    
10    11    4    8    2    
10    11    9    6    13    
7    2    6    9    8    
6    7    8    11    4    
5    8    10    3    3    
4    2    6    6    2    
10    5    8    7    5    
3    7    6    3    3    
2    6    6    1    3    
1    1    4    1    4    
0    5    5    4    5    
4    1    4    6    3    
3    1    4    5    9    
5    4    6    5    4    
2    2    0    2    0    
4    1    2    3    2    
5    1    2    6    2    
1    4    7    3    3    
3    1    2    2    3    
3    4    5    2    5    
2    3    1    4    1    
1    6    3    2    5    
4    6    2    6    3    
3    4    0    2    2    
4    2    5    3    1    
5    3    6    3    4    
4    1    3    4    3    
1    2    1    1    4    
4    2    1    2    1    
2    5    5    3    3    
2    2    5    2    1    
9    8    4    1    4    
1    3    3    1    2    
7    3    2    1    4    
3    4    5    5    0    
5    2    2    4    2    
3    9    5    1    6    
2    5    2    1    3    
1    4    5    0    2    
3    1    3    7    3    
3    3    3    3    3    
2    5    2    4    5    
3    1    4    2    1    
6    2    1    4    2    
5    4    3    6    3    
5    3    2    3    5    
4    1    2    2    4    
1    5    3    5    2    
4    2    5    3    3    
3    2    5    4    2    
2    2    2    1    1    
5    4    8    6    1    
1    1    5    5    5    
8    11    6    2    1    
6    7    4    1    6    
5    6    3    7    2    
5    2    1    6    1    
2    5    3    2    2    
1    2    9    3    3    
3    3    1    8    4    
4    2    1    3    5    
5    0    2    4    2    
4    1    7    7    6    
2    2    4    6    3    
0    3    5    6    2    
5    4    5    6    5    
5    7    2    1    6    
4    5    1    3    4    
2    4    8    5    3    
4    4    2    5    10    
4    4    3    5    1    
7    3    4    6    3    
8    6    8    8    2    
5    7    4    0    2    
5    3    6    5    4    
2    7    4    2    3    
5    3    5    5    1    
5    2    8    1    2    
6    7    5    2    4    
2    5    6    4    8    
5    7    11    3    5    
3    5    5    8    3    
8    4    4    8    3    
6    6    4    1    7    
4    5    2    8    10    
8    5    6    4    7    
9    5    5    7    4    
7    5    7    6    5    
4    8    9    3    6    
6    6    6    2    8    
4    7    2    4    13    
4    5    3    9    6    
5    3    4    4    2    
4    7    6    3    7    
5    7    5    7    5    
5    6    7    4    6    
5    4    5    9    1    
13    1    7    7    8    
2    12    9    5    5    
9    7    7    6    7    
3    3    9    7    2    
4    7    6    4    3    
6    6    5    7    1    
6    6    4    5    9    
3    9    4    9    7    
7    6    8    5    2    
4    6    8    4    4    
4    4    6    4    7    
6    4    6    5    7    
7    6    10    10    5    
3    8    6    8    9    
5    4    1    3    7    
8    4    7    6    5    
5    7    7    9    5    
7    5    8    10    6    
4    8    4    13    5    
7    11    7    7    7    
3    7    6    5    10    
9    7    9    7    6    
4    12    5    8    4    
8    6    11    5    4    
5    4    7    9    7    
7    6    7    8    6    
4    10    6    4    4    
14    7    1    11    5    
7    8    6    10    5    
8    8    10    6    9    
4    9    9    10    6    
10    6    11    5    10    
8    9    9    11    8    
9    5    3    7    9    
11    15    15    4    5    
11    5    11    8    5    
9    12    7    10    8    
8    16    5    8    13    
10    5    6    10    5    
12    8    8    7    5    
10    10    6    13    9    
14    6    5    9    13    
7    9    3    10    6    
9    6    11    9    11    
6    9    12    12    9    
5    12    8    4    12    
7    4    14    3    8    
5    8    10    8    6    
10    10    14    11    15    
8    11    11    14    12    
7    13    11    8    8    
8    11    7    5    8    
5    10    5    7    10    
13    9    9    6    17    
15    4    12    8    11    
14    12    4    9    9    
7    11    10    15    6    
11    16    12    10    11    
8    13    10    13    4    
11    8    12    16    13    
13    7    7    8    10    
15    13    16    14    11    
12    12    12    6    12    
6    11    18    13    12    
13    10    8    15    8    
14    8    15    13    11    
10    11    8    9    7    
10    14    13    4    18    
12    11    13    16    22    
16    5    5    17    12    
12    12    14    18    10    
11    11    16    12    14    
17    9    11    10    12    
17    14    15    16    15    
12    26    11    12    10    
8    19    16    18    13    
11    10    14    11    13    
19    11    5    10    9    
15    10    15    14    13    
16    16    12    10    14    
17    13    14    9    13    
22    17    19    9    13    
11    17    12    11    9    
15    15    13    19    10    
15    11    16    20    13    
15    14    18    17    15    
14    17    22    19    8    
11    10    23    17    21    
21    15    15    13    13    
15    20    16    21    22    
18    13    15    23    16    
21    17    22    18    17    
8    22    17    10    14    
18    22    19    19    21    
19    21    18    12    20    
18    15    8    18    19    
28    20    19    17    18    
17    17    19    24    20    
11    19    17    25    19    
19    20    20    21    20    
26    15    9    15    22    
20    7    22    15    19    
17    14    20    16    17    
29    27    20    20    22    
23    22    16    25    16    
22    24    25    13    21    
17    18    14    25    11    
19    18    37    28    24    
24    27    24    18    36    
33    17    12    27    20    
18    18    19    26    28    
22    28    28    31    36    
27    32    20    36    19    
29    22    24    30    42    
25    19    25    22    29    
25    25    25    24    20    
30    30    29    22    29    
22    28    21    39    23    
17    21    33    30    19    
27    28    30    32    30    
38    23    25    26    26    
26    23    29    25    24    
35    27    26    37    26    
26    32    40    39    39    
35    35    30    25    36    
49    35    35    23    30    
34    30    25    55    37    
37    39    38    30    39    
41    36    29    33    37    
33    39    38    46    47    
37    39    29    29    27    
41    40    38    49    49    
38    37    47    33    37    
38    35    47    48    37    
37    45    33    46    51    
39    43    46    43    32    
47    50    52    35    36    
42    49    48    57    41    
57    35    38    46    45    
38    55    48    50    48    
54    55    57    42    55    
52    43    52    53    51    
60    56    68    60    57    
60    48    61    64    59    
52    64    51    56    63    
53    60    65    58    69    
62    54    54    71    68    
55    83    66    66    46    
72    67    61    73    65    
74    68    60    71    67    
66    72    68    84    78    
66    84    73    60    83    
68    66    71    80    67    
74    74    66    72    69    
89    84    92    80    79    
78    89    92    81    88    
101    96    71    87    95    
90    82    88    92    89    
106    106    96    106    123    
111    108    98    114    111    
96    133    94    102    121    
111    127    106    125    119    
110    105    105    141    105    
127    112    131    135    122    
129    143    109    142    141    
141    171    114    148    139    
141    151    152    157    138    
144    143    151    170    162    
173    147    170    157    151    
175    173    164    158    173    
153    144    204    175    164    
177    158    183    199    173    
175    170    186    185    191    
194    203    190    173    196    
197    191    222    185    203    
197    185    210    223    226    
203    215    193    216    197    
206    225    206    222    244    
208    206    191    192    212    
187    185    176    212    217    
203    188    182    200    201    
203    196    160    177    196    
185    153    184    157    169    
181    174    175    160    172    
164    158    154    166    149    
133    150    129    131    123    
138    147    129    125    125    
103    107    111    119    120    
112    102    111    90    106    
86    91    81    85    84    
86    73    91    81    71    
69    91    53    72    66    
73    68    67    65    64    
54    57    45    50    48    
44    37    38    45    32    
37    30    43    43    33    
35    28    28    26    22    
23    22    33    22    14    
22    15    20    19    12    
16    15    17    20    14    
7    17    14    9    13    
21    16    8    9    13    
7    10    7    10    5    
7    10    2    7    3    
6    7    3    2    0    
3    5    3    8    4    
2    5    4    3    2    
6    1    2    4    2    
4    4    3    2    0    
1    1    1    3    0    
2    2    1    2    3    
2    0    0    4    0    
0    1    4    3    2    
0    1    0    1    0    
0    0    1    1    2    
0    0    1    0    3    
0    0    0    0    0    
2    0    0    0    0    
2    0    1    0    1    
0    1    0    0    0    
0    1    0    0    0    
1    0    0    0    0    
0    0    0    0    0    
0    0    0    2    0    
0    0    0    0    1    
0    0    1    0    1    
0    0    0    0    0    
0    0    0    0    0    
0    0    1    0    0    
0    0    0    0    0    
0    0    0    0    0    
0    0    0    0    0    
0    0    0    0    0    
0    0    0    0    1    
0    0    1    0    0    
0    0    0    0    0    
0    0    0    0    0    
0    0    0    0    0    
0    0    0    0    0    
0    0    0    0    0    
0    0    0    0    0    
0    0    0    0    0    
0    0    0    0    0    
0    0    0    0    0    
0    0    0    0    0    
0    0    0    0    0    
0    0    0    0    0    
0    1    0    0    0    
0    0    0    0    0    
0    0    0    0    0    
0    0    0    0    0    
0    0    0    0    0    
0    0    0    0    0    
0    0    0    1    0    
0    0    0    0    0    
0    0    0    0    0    
0    0    0    0    0    
0    0    1    0    0    
0    0    0    0    0    
0    0    0    0    0    
0    0    0    0    0    
0    1    0    0    0    
0    0    0    0    0    
0    0    1    0    0    
0    0    0    0    0    
0    0    0    0    0    
0    0    0    0    0    
0    0    0    0    0    
0    0    0    0    0    
0    0    0    0    0    
0    0    0    0    0    
0    0    0    0    0    
0    0    0    0    0    
0    0    0    0    0    
0    0    0    0    0    
0    0    0    0    0    
0    0    0    0    0    
0    0    0    0    0    
0    0    0    0    0    
0    0    0    0    0    
0    0    0    0    0    
0    0    0    0    0    
0    0    0    0    0    
1    0    0    0    0    
0    0    0    0    0    
0    0    0    0    0    
0    0    0    0    0    
0    0    0    0    0    
0    0    0    0    0    
0    0    0    0    0    
0    0    0    0    0    
0    0    0    0    0    
0    0    0    0    0    
0    1    0    0    0    
0    0    0    0    0    
0    0    0    0    0    
0    0    0    0    0    
0    0    0    0    0    
0    0    0    0    0    
0    0    0    0    0    
0    0    0    0    0    
0    0    0    0    0    
0    0    0    0    0    
0    0    0    0    0    
0    0    0    0    1    
0    0    0    0    0    
0    0    0    0    0    
0    0    0    0    0    
0    0    0    0    0    
0    0    0    0    0    
0    0    0    0    0    
0    0    0    0    0    
0    0    0    0    0    
0    0    0    0    0    
0    0    0    0    0    
0    0    0    0    0    
0    0    0    0    0    
0    0    0    0    0    
0    0    0    0    0    
0    0    0    0    0    
0    0    0    0    0    
0    0    0    0    0    
0    0    0    0    0    
0    0    0    0    0    
0    0    0    0    0    
0    0    0    0    0    
0    0    0    0    0    
0    0    0    0    0    
0    0    0    0    0    
0    0    0    0    0    
0    0    0    0    0    
0    0    0    0    0    
0    0    0    0    0    
0    0    0    0    0    
0    0    0    0    0    
0    0    0    0    0    
0    0    0    0    0    
0    0    0    0    0    
0    0    0    0    0    
0    1    0    0    0    
0    0    0    0    0    
0    0    0    0    0    
0    0    0    0    0    
0    0    0    0    0    
0    0    0    0    0    
0    0    0    0    0    
0    0    0    0    0    
0    0    0    0    0    
0    0    0    0    0    
0    0    0    0    0    
0    0    0    0    0    
0    0    0    0    0    
0    0    0    0    0    
0    0    0    1    0    
0    0    0    0    0    
0    0    0    0    0    
0    0    0    0    0    
0    1    0    0    0    
0    0    0    0    0    
0    0    0    0    0    
0    0    0    0    0    
0    0    0    0    0    
0    0    0    0    0    
0    0    0    0    0    
0    0    0    0    0    
0    0    0    0    0    
0    0    0    0    0    
0    0    0    0    0    
0    0    0    0    0    
0    0    0    0    0    
0    0    0    0    0    
0    0    0    0    0    
0    0    0    1    0    
0    0    0    0    0    
0    0    0    0    0    
0    0    0    0    0    
0    0    0    0    0    
0    0    0    0    0    
0    0    0    0    0    
0    0    0    0    0    
0    0    0    0    0    
0    0    0    0    0    
0    0    0    0    0    
0    0    0    0    0    
1    0    0    0    0    
0    0    0    0    0    
0    0    0    0    0    
0    0    0    0    0    
0    0    0    0    0    
0    0    0    0    0    
0    0    0    0    0    
0    0    0    0    0    
0    0    0    0    0    
0    0    0    0    0    
0    0    0    0    0    
0    0    0    0    0    
0    0    0    0    0    
0    0    0    0    0    
0    0    0    0    0    
0    0    0    0    0    
0    0    0    0    0    
0    0    0    0    0    
0    0    0    0    0    
0    0    0    0    0    
0    0    0    0    0    
0    0    0    0    0    
0    0    0    0    0    
0    0    0    0    0    
0    0    0    0    0    
0    0    0    0    0    
0    0    1    1    0    
0    0    1    0    0    
0    0    0    0    0    
0    0    0    0    0    
0    0    0    0    1    
0    0    0    0    0    
0    0    0    0    0    
0    0    0    0    0    
0    0    0    1    0    
0    1    0    0    0    
0    0    0    0    0    
0    0    0    0    0    
0    0    0    0    0    
0    1    0    0    0    
0    0    0    0    0    
0    0    0    0    0    
0    0    0    0    0    
0    0    0    0    0    
0    0    0    0    0    
0    0    0    0    0    
0    0    0    0    0    
0    0    0    0    0    
0    0    0    1    0    
0    0    0    0    0    
0    1    0    0    0    
0    0    0    0    0    
0    0    0    0    0    
0    0    0    0    0    
0    0    0    0    0    
0    0    0    0    0    
0    0    0    0    0    
0    0    0    0    0    
0    0    0    0    0    
0    0    0    0    0    
0    0    0    0    0    
0    0    0    0    0    
0    0    0    0    0    
0    0    0    0    0    
0    0    0    0    1    
0    0    0    0    0    
0    0    0    0    0    
0    0    0    0    0    
0    0    0    0    0    
0    0    0    0    0    
0    0    0    0    0    
0    0    0    0    0    
0    0    1    0    0    
0    0    0    0    0    
0    0    0    0    0    
0    0    0    0    0    
1    0    0    0    1    
0    1    0    0    0    
0    0    0    0    0    
0    0    0    0    0    
0    0    0    0    0    
0    0    0    0    0    
0    0    0    0    0    
0    0    0    0    0    
0    0    0    0    0    
0    0    0    0    0    
0    1    0    0    0    
0    0    0    0    0    
0    0    0    0    0    
0    0    0    0    0    
0    0    0    0    0    
0    0    0    0    0    
0    0    0    0    0    
0    0    0    0    0    
0    0    0    0    0    
0    0    0    0    0    
0    0    0    0    0    
0    1    0    0    0    
0    0    0    0    0    
0    0    0    1    0    
0    0    0    0    0    
0    0    0    0    0    
0    0    0    0    1    
0    0    0    0    0    
0    0    0    0    0    
0    0    0    0    0    
0    0    0    0    0    
0    0    0    0    1    
0    0    0    0    0    
0    0    0    0    0    
0    0    0    0    0    
0    0    0    0    0    
0    0    0    0    0    
0    0    0    0    0    
0    0    0    0    0    
0    1    0    0    0    
0    1    0    0    0    
0    0    0    0    1    
1    0    0    0    0    
0    0    0    0    0    
0    0    0    0    0    
0    0    0    0    0    
0    0    0    0    0    
0    0    0    0    0    
0    0    0    0    0    
0    0    0    0    0    
0    0    0    0    0    
0    0    0    0    0    
0    0    0    0    0    
0    0    0    0    0    
0    0    0    0    0    
0    0    0    0    0    
0    0    0    0    0    
0    0    0    0    0    
0    0    0    0    0    
0    0    0    0    0    
0    0    0    0    0    
0    0    0    0    0    
0    0    0    0    0    
0    0    0    0    0    
0    0    0    0    0    
0    0    0    0    0    
0    0    0    0    0    
0    0    0    0    0    
0    0    0    0    0    
0    0    0    0    0    
0    0    0    0    0    
0    0    0    0    0    
0    0    0    0    0    
0    0    0    0    0    
0    0    0    0    0    
0    0    0    0    0    
0    0    0    0    0    
0    0    0    0    0    
0    0    0    0    0    
0    0    0    0    0    
0    0    0    0    0    
0    0    0    0    0    
0    0    0    0    0    
0    0    0    0    0    
0    0    0    0    0    
0    0    0    0    0    
0    0    0    0    0    
0    0    0    0    0    
0    0    0    0    0    
0    0    0    0    0    
0    0    0    0    0    
0    0    0    0    0    
0    0    0    0    0    
0    0    0    0    0    
0    0    0    0    0    
0    0    0    0    0    
0    0    0    0    0    
0    0    0    0    0    
0    0    0    0    0    
0    0    0    0    0    
0    0    0    0    0    
0    0    0    0    0    
0    0    0    0    0    
0    0    0    0    0    
0    0    0    0    0    
0    0    0    0    0    
0    0    0    0    0    
0    0    0    0    0    
0    0    0    0    0    
0    0    0    0    0    
0    0    0    0    0    
0    0    0    0    0    
0    0    0    0    0    
0    0    0    0    0    
0    0    0    0    0    
0    0    0    0    0    
0    0    0    0    0    
0    0    0    0    0    
0    0    0    0    0    
0    0    0    0    0    
0    0    0    0    0    
0    0    0    0    0    
0    0    0    0    0    
0    0    0    0    0    
0    0    0    0    0    
0    0    0    0    0    
0    0    0    0    0    
0    0    0    0    0    
0    0    0    0    0    
0    0    0    0    0    
0    0    0    0    0    
0    0    0    0    0    
0    0    0    0    0    
0    0    0    0    0    
0    0    0    0    0    
0    0    0    0    0    
0    0    0    0    0    
0    0    0    0    0    
0    0    0    0    0    
0    0    0    0    0    
0    0    0    0    0    
0    0    0    0    0    
0    0    0    0    0    
0    0    0    0    0    
0    0    0    0    0    
0    0    0    0    0    
0    0    0    0    0    
0    0    0    0    0    
0    0    0    0    0    
0    0    0    0    0    
0    0    0    0    0    
0    0    0    0    0    
0    0    0    0    0    
0    0    0    0    0    
0    0    0    0    0    
0    0    0    0    0    
0    0    0    0    0    
0    0    0    0    0    
0    0    0    0    0    
0    0    0    0    0    
0    0    0    0    0    
0    0    0    0    0    
0    0    0    0    0    
0    0    0    0    0    
0    0    0    0    0    
0    0    0    0    0    
0    0    0    0    0    
0    0    0    0    0    
0    0    0    0    0    
0    0    0    0    0    
0    0    0    0    0    
0    0    0    0    0    
0    0    0    0    0    
0    0    0    0    0    
0    0    0    0    0    
0    0    0    0    0    
0    0    0    0    0    
0    0    0    0    0    
0    0    0    0    0    
0    0    0    0    0    
0    0    0    0    0    
0    0    0    0    0    
0    0    0    0    0    
0    0    0    0    0    
0    0    0    0    0    
0    0    0    0    0    
0    0    0    0    0    
0    0    0    0    0    
0    0    0    0    0    
0    