.DATE:   31/ 3/2022 Time :16:18:51   FILE :Cm24412121212121212.txt
ID:\Spectrum ID
Dwell Time :98µs  Sync Pulse :External  Channel Advance :Internal
CHNLS:4096 RT: 1000   HWLT: 1000   CRLT: 1000
0    0    0    0    0    
0    0    0    0    0    
0    0    0    0    0    
0    0    0    0    0    
0    0    0    0    0    
0    0    0    0    0    
0    0    0    0    0    
0    0    0    0    0    
0    0    0    0    0    
0    0    0    0    0    
0    0    0    0    0    
0    0    0    0    0    
0    0    0    0    0    
0    0    0    0    0    
0    0    0    0    0    
0    0    0    0    0    
0    0    0    0    0    
0    0    0    0    0    
0    0    0    0    0    
0    0    0    0    0    
0    0    0    0    0    
0    0    0    0    0    
0    0    0    0    0    
0    0    0    0    0    
0    0    0    0    0    
0    0    0    0    0    
0    0    0    0    0    
0    0    0    0    0    
0    0    0    0    0    
0    0    0    0    0    
0    0    0    0    0    
0    0    0    0    0    
0    0    0    0    0    
0    0    0    0    0    
0    0    0    0    0    
0    0    0    0    0    
0    0    0    0    0    
0    0    0    0    0    
0    0    0    0    0    
0    0    0    0    0    
0    0    0    0    0    
0    0    0    0    0    
0    0    0    0    0    
0    0    0    0    0    
0    0    0    0    0    
0    0    0    0    0    
0    0    0    0    0    
0    0    0    0    0    
0    0    0    0    0    
0    0    0    0    0    
0    2    7    11    28    
32    60    67    120    180    
249    257    288    277    262    
242    197    193    165    165    
160    145    134    146    136    
132    133    131    127    128    
113    125    126    105    106    
92    91    108    74    114    
101    80    82    90    71    
85    94    82    71    84    
74    65    79    68    63    
57    59    67    48    60    
55    60    49    65    42    
47    43    38    44    50    
28    45    53    31    32    
42    38    35    30    29    
30    29    32    25    22    
29    29    23    24    35    
24    38    17    16    25    
27    18    20    29    26    
18    27    17    25    10    
15    14    15    19    21    
13    3    10    14    14    
14    13    13    18    15    
16    8    10    12    11    
7    10    6    14    16    
13    15    7    7    10    
10    11    12    9    10    
15    7    6    9    10    
5    8    13    9    7    
9    6    3    5    9    
6    11    6    9    3    
4    7    4    8    7    
6    9    3    8    4    
10    4    6    7    7    
4    4    6    8    9    
6    8    4    4    7    
9    3    3    2    2    
7    10    6    5    4    
3    2    3    6    11    
2    4    6    5    1    
2    4    4    4    2    
6    5    6    4    12    
5    4    3    2    2    
4    4    2    7    4    
6    4    2    4    4    
1    2    4    3    6    
3    3    4    4    2    
4    2    4    8    3    
1    5    6    3    4    
7    7    1    3    4    
5    6    4    6    2    
6    3    4    4    3    
2    6    3    3    5    
6    4    5    3    3    
4    3    2    0    3    
4    3    1    1    1    
4    3    5    2    2    
2    3    4    5    2    
5    4    5    3    4    
4    1    3    5    2    
1    5    3    4    9    
2    5    8    1    2    
4    1    3    1    5    
6    4    5    3    4    
0    2    1    3    5    
2    7    4    4    3    
1    0    3    6    2    
3    4    7    6    2    
3    3    3    4    4    
2    2    2    4    2    
5    6    3    4    3    
3    4    7    4    7    
2    0    3    4    3    
1    3    4    8    5    
3    1    7    1    5    
4    1    6    2    5    
3    5    5    2    1    
2    4    5    9    2    
3    4    5    5    2    
4    4    4    5    5    
7    4    2    4    2    
7    3    7    4    5    
3    7    3    6    4    
4    11    3    2    2    
1    4    2    5    6    
6    5    5    3    4    
6    5    3    5    5    
7    8    3    5    7    
6    2    3    4    6    
6    4    5    4    7    
3    3    10    4    2    
6    2    2    13    2    
6    12    8    6    2    
8    6    3    5    4    
9    3    11    3    7    
1    8    6    5    5    
6    11    7    5    4    
4    6    3    5    3    
8    6    8    4    6    
4    8    7    3    4    
7    8    4    5    3    
5    5    5    4    2    
3    5    1    3    6    
7    4    4    8    5    
3    5    9    6    7    
8    8    2    5    2    
9    5    5    7    7    
6    3    5    4    5    
7    2    7    7    5    
6    6    5    4    8    
4    8    5    6    5    
9    3    7    3    1    
8    3    5    7    8    
10    4    4    6    6    
3    6    6    2    9    
9    6    7    9    7    
3    7    8    8    7    
8    9    7    11    5    
6    10    11    9    7    
5    2    7    6    5    
7    8    6    6    10    
7    5    9    5    10    
10    10    6    9    8    
5    5    5    4    6    
11    7    8    6    4    
7    5    9    6    5    
4    3    6    6    5    
6    6    7    1    7    
8    12    9    10    6    
10    6    6    4    10    
4    8    9    9    10    
10    4    6    8    4    
7    12    14    11    11    
6    7    12    8    4    
9    10    6    9    9    
5    6    4    6    6    
10    10    7    7    7    
6    7    5    5    7    
3    8    7    9    9    
13    7    6    10    6    
10    15    3    4    5    
11    13    14    9    8    
13    10    7    3    8    
9    14    14    18    13    
7    4    5    8    11    
10    9    14    5    11    
3    7    12    9    9    
6    7    10    12    9    
12    6    4    9    7    
5    5    10    3    7    
11    8    6    4    6    
11    12    10    10    9    
8    13    8    9    8    
9    7    9    9    13    
10    5    9    6    8    
13    10    10    10    9    
13    11    11    10    11    
14    11    12    7    8    
11    16    10    12    11    
7    10    7    8    9    
11    15    10    10    6    
18    10    12    9    6    
13    13    6    5    12    
16    17    2    14    12    
13    11    7    8    13    
7    10    9    11    11    
16    13    13    14    15    
11    18    5    6    14    
8    12    13    14    14    
12    12    10    13    10    
10    9    11    10    9    
7    13    10    12    14    
15    11    20    13    22    
11    15    13    9    12    
13    10    7    14    20    
12    18    9    10    13    
10    13    12    18    18    
18    14    13    14    11    
16    14    20    10    18    
14    21    12    11    18    
16    13    17    12    16    
20    15    14    12    18    
9    19    14    14    15    
6    22    9    12    11    
14    18    18    23    13    
12    16    17    16    11    
12    18    12    16    21    
15    11    16    14    12    
10    13    24    18    17    
15    16    20    19    17    
24    16    10    22    17    
9    16    20    14    16    
17    17    23    22    13    
12    21    19    16    18    
18    14    17    19    21    
21    18    11    19    15    
21    15    15    23    18    
18    5    13    17    23    
13    13    13    23    15    
10    11    17    26    15    
16    16    22    17    21    
18    17    19    17    14    
16    25    17    13    18    
16    31    22    27    19    
24    17    16    19    22    
28    26    16    19    12    
26    29    30    20    21    
28    15    20    15    22    
23    36    24    27    18    
25    16    22    30    18    
24    23    26    18    23    
26    18    26    23    24    
24    23    28    17    21    
20    15    24    24    14    
20    14    25    30    23    
22    29    14    28    28    
29    34    24    27    25    
31    19    31    15    10    
39    21    37    25    20    
26    23    24    21    24    
29    21    23    23    31    
27    30    32    22    31    
34    19    36    31    30    
27    30    26    22    31    
29    35    27    31    26    
26    25    36    30    27    
46    24    26    26    30    
26    29    27    32    25    
35    27    23    36    36    
34    36    25    37    26    
28    29    26    33    28    
23    31    34    35    42    
32    31    38    32    26    
29    45    32    34    37    
40    40    48    29    45    
30    26    31    47    38    
39    36    29    43    26    
36    43    37    46    37    
32    30    44    36    35    
33    37    32    44    38    
51    50    43    46    43    
27    34    42    32    40    
56    32    40    45    63    
39    44    50    36    61    
38    50    51    36    37    
59    52    44    42    52    
47    54    48    61    50    
47    51    44    54    56    
55    47    53    56    65    
47    58    61    72    61    
50    52    60    59    57    
48    61    61    73    51    
48    69    62    61    46    
73    58    44    61    65    
62    58    74    63    60    
55    59    71    48    72    
47    66    50    58    62    
63    66    60    68    63    
66    70    65    73    75    
76    68    70    68    78    
68    74    57    75    82    
69    78    73    81    60    
72    85    93    97    67    
92    83    104    84    82    
75    88    86    82    86    
97    75    83    76    102    
83    76    90    90    70    
83    90    87    81    101    
83    87    114    95    87    
95    105    93    115    104    
110    99    102    93    110    
106    116    119    116    92    
110    116    111    104    134    
126    101    136    106    105    
118    118    99    125    118    
129    144    139    122    123    
164    173    133    110    146    
125    136    157    149    133    
144    176    171    147    157    
149    160    162    154    161    
164    162    170    191    172    
166    183    177    164    179    
192    210    175    192    185    
199    214    194    200    203    
220    196    211    194    238    
234    238    233    246    230    
220    223    219    228    234    
260    224    243    271    241    
256    239    312    288    276    
255    277    279    300    271    
296    261    276    282    282    
277    292    334    320    303    
337    331    283    367    335    
325    333    312    329    323    
338    328    347    355    369    
357    358    341    336    347    
389    346    404    352    370    
341    365    349    349    372    
372    377    357    351    352    
351    358    338    374    333    
333    327    376    342    362    
376    364    357    366    341    
348    338    335    342    299    
335    299    316    306    287    
300    292    290    294    278    
282    256    249    297    273    
247    255    245    231    224    
217    219    229    189    189    
221    214    208    160    191    
193    199    175    190    186    
154    147    132    137    140    
128    135    142    123    104    
111    118    118    113    107    
117    99    84    87    75    
84    72    77    76    69    
69    73    55    66    50    
70    59    57    53    47    
35    44    44    41    39    
32    30    31    35    39    
37    27    32    21    37    
24    27    17    8    18    
19    15    20    14    11    
15    17    12    14    22    
9    11    10    10    14    
9    10    9    10    12    
11    12    3    9    6    
6    6    6    5    6    
5    6    3    4    1    
9    7    4    1    8    
3    3    4    5    1    
2    4    3    3    0    
0    0    2    1    2    
3    0    2    1    3    
1    2    1    3    1    
0    0    1    1    0    
3    0    0    1    1    
0    0    2    0    0    
0    0    0    0    1    
0    1    0    0    0    
0    0    0    0    0    
0    0    0    0    0    
2    0    0    0    0    
0    0    0    1    0    
0    1    1    1    1    
0    0    0    0    0    
0    0    1    0    0    
1    0    0    1    0    
0    0    0    0    1    
0    0    0    0    1    
0    0    0    0    0    
0    1    0    0    0    
0    0    0    0    0    
1    0    0    0    0    
0    0    0    0    0    
1    0    0    0    0    
0    0    0    0    0    
0    0    0    0    0    
0    0    0    0    0    
0    0    0    0    0    
0    0    0    2    0    
0    0    0    0    0    
0    0    0    0    0    
0    0    0    0    0    
0    0    0    0    0    
1    0    0    0    0    
0    0    0    0    0    
0    0    0    0    0    
0    0    0    0    0    
0    0    0    0    0    
0    0    0    0    0    
0    0    0    0    0    
0    0    0    0    0    
0    0    0    0    0    
0    0    0    0    0    
0    0    0    0    0    
0    0    0    0    0    
0    1    0    0    0    
0    0    0    0    1    
0    0    0    0    0    
0    0    0    0    0    
0    0    0    0    0    
0    0    0    0    0    
0    0    0    0    0    
0    0    0    0    0    
0    0    0    0    0    
0    0    0    0    0    
0    0    0    0    0    
0    0    0    0    0    
0    0    0    0    0    
0    0    0    0    0    
0    0    0    0    0    
0    0    0    0    0    
0    0    0    0    0    
0    0    0    0    0    
0    0    0    0    0    
0    0    0    0    0    
0    0    0    0    0    
0    0    0    0    0    
0    0    0    0    0    
0    0    0    0    0    
0    0    0    0    0    
0    0    0    0    0    
0    0    0    0    0    
0    0    0    0    0    
0    0    0    0    0    
0    0    0    0    0    
0    0    0    0    0    
0    0    0    0    0    
0    0    0    0    0    
0    0    0    0    0    
0    0    0    0    0    
0    0    0    0    0    
0    0    0    0    0    
0    0    0    0    0    
0    0    0    0    0    
0    0    0    0    0    
0    0    0    0    0    
0    0    0    0    0    
0    0    0    0    0    
0    0    0    0    0    
0    0    0    0    1    
0    0    0    0    0    
0    0    0    0    0    
0    0    0    0    0    
0    0    0    0    0    
0    0    0    0    0    
0    0    0    0    0    
0    0    1    0    0    
0    0    0    1    0    
0    0    0    0    0    
0    0    0    0    0    
0    0    0    0    0    
0    0    0    0    0    
0    0    0    0    0    
0    0    0    0    0    
0    0    0    0    0    
0    0    0    0    0    
0    0    0    0    0    
0    0    0    0    0    
0    0    0    0    1    
0    0    0    0    0    
0    0    0    0    0    
0    0    0    0    0    
0    0    0    0    0    
0    0    0    0    0    
0    0    0    0    0    
0    0    0    0    0    
1    0    0    0    0    
0    1    0    0    0    
0    1    0    0    0    
0    0    0    0    0    
0    0    0    0    0    
0    0    0    1    0    
1    0    0    0    0    
0    0    0    0    0    
0    0    0    0    0    
0    0    0    0    0    
0    0    0    0    0    
1    0    0    0    0    
0    0    1    0    0    
0    0    0    0    0    
0    0    0    0    0    
0    0    0    0    0    
0    0    0    0    0    
0    0    0    0    0    
0    0    0    0    0    
0    0    0    0    0    
0    0    0    0    0    
0    0    0    0    0    
0    0    0    0    0    
0    0    0    0    0    
0    0    0    0    0    
0    0    0    0    0    
0    0    0    0    0    
0    0    0    0    0    
0    0    0    0    0    
0    0    0    0    0    
0    0    0    0    0    
0    0    0    0    0    
0    0    1    0    0    
0    0    0    0    0    
0    0    0    0    0    
0    0    0    0    0    
0    0    0    0    0    
0    0    0    0    0    
0    0    0    0    0    
0    0    0    0    0    
0    0    0    0    1    
0    0    0    0    0    
0    0    0    0    0    
0    0    0    0    0    
0    0    0    0    0    
0    0    0    0    0    
0    0    0    0    0    
0    0    0    0    0    
0    0    0    0    0    
0    0    0    0    0    
0    0    0    0    0    
0    0    0    0    0    
0    0    0    0    0    
0    0    0    0    0    
0    0    0    0    0    
0    0    0    0    1    
0    0    0    0    0    
0    0    0    0    0    
0    0    0    0    0    
0    0    0    0    0    
0    0    0    0    0    
0    0    0    0    0    
0    0    0    0    0    
0    0    0    0    0    
0    0    0    0    0    
0    0    0    0    0    
0    0    0    0    0    
0    0    0    0    0    
0    0    0    0    0    
0    0    0    0    0    
0    0    0    0    0    
0    0    0    1    0    
0    0    0    0    0    
0    0    0    0    0    
0    0    0    2    0    
0    0    0    0    0    
0    0    0    0    0    
0    0    0    0    0    
0    0    0    0    0    
0    0    0    0    0    
0    0    0    1    0    
0    0    0    0    0    
0    0    0    0    0    
0    0    0    0    0    
0    0    0    0    0    
0    0    0    0    0    
0    0    0    0    0    
0    0    0    0    0    
0    0    0    0    0    
0    0    0    0    0    
0    0    0    0    0    
0    0    0    0    0    
0    0    0    0    0    
0    0    0    0    0    
0    0    0    0    0    
0    0    0    0    0    
0    0    0    0    0    
0    0    0    0    0    
0    0    0    0    0    
0    0    0    0    0    
0    0    0    0    1    
0    0    0    0    0    
0    0    0    0    0    
0    0    0    0    0    
0    0    1    0    0    
0    0    0    0    0    
0    0    0    0    0    
0    0    0    0    0    
0    0    0    0    0    
0    0    0    0    0    
0    0    0    0    0    
0    0    0    1    0    
0    0    0    0    0    
0    0    0    0    0    
0    0    0    0    0    
0    0    0    0    0    
0    0    0    0    0    
0    0    0    0    0    
0    0    0    0    0    
0    0    0    0    0    
0    0    0    0    0    
0    0    0    0    0    
0    0    0    0    0    
0    0    0    0    0    
0    0    0    0    0    
0    0    0    0    0    
0    0    0    0    0    
0    0    0    0    0    
0    0    0    0    0    
0    0    0    0    0    
0    0    0    0    0    
0    0    0    0    0    
0    0    0    0    0    
0    0    0    0    0    
0    1    0    0    0    
0    0    0    0    0    
0    0    0    0    0    
0    1    0    0    0    
0    0    0    0    0    
0    0    0    0    0    
0    0    0    0    0    
0    0    1    0    0    
0    0    0    0    1    
0    0    0    0    0    
0    0    0    0    0    
0    0    0    0    0    
0    0    0    0    0    
0    0    0    0    0    
0    0    0    0    0    
0    0    0    0    0    
0    0    1    0    0    
0    0    1    0    0    
0    2    1    0    0    
0    0    0    0    0    
0    0    0    0    0    
0    0    0    0    0    
0    0    0    0    0    
0    0    0    0    1    
0    0    0    0    0    
0    0    0    0    0    
0    0    0    0    0    
0    0    0    0    0    
1    0    1    0    0    
0    0    0    0    0    
0    0    0    0    0    
0    0    0    0    0    
0    0    0    0    0    
0    0    0    0    0    
0    0    0    0    0    
0    0    0    0    1    
0    0    1    0    0    
0    1    0    0    0    
0    0    0    0    0    
0    0    0    0    0    
0    0    0    0    0    
0    0    0    0    0    
0    0    0    0    0    
0    0    0    0    0    
0    0    0    0    0    
0    0    0    0    0    
0    0    0    0    0    
0    0    0    0    0    
0    0    0    0    0    
0    0    0    0    0    
0    0    0    0    0    
0    0    0    0    0    
0    0    0    0    0    
0    0    0    0    0    
0    0    0    0    0    
0    0    0    0    0    
0    0    0    0    0    
0    0    0    0    0    
0    0    0    0    0    
0    0    0    0    0    
0    0    0    0    0    
0    0    0    0    0    
0    0    0    0    0    
0    0    0    0    0    
0    0    0    0    0    
0    0    0    0    0    
0    0    0    0    0    
0    0    0    0    0    
0    0    0    0    0    
0    0    0    0    0    
0    0    0    0    0    
0    0    0    0    0    
0    0    0    0    0    
0    0    0    0    0    
0    0    0    0    0    
0    0    0    0    0    
0    0    0    0    0    
0    0    0    0    0    
0    0    0    0    0    
0    0    0    0    0    
0    0    0    0    0    
0    0    0    0    0    
0    0    0    0    0    
0    0    0    0    0    
0    0    0    0    0    
0    0    0    0    0    
0    0    0    0    0    
0    0    0    0    0    
0    0    0    0    0    
0    0    0    0    0    
0    0    0    0    0    
0    0    0    0    0    
0    0    0    0    0    
0    0    0    0    0    
0    0    0    0    0    
0    0    0    0    0    
0    0    0    0    0    
0    0    0    0    0    
0    0    0    0    0    
0    0    0    0    0    
0    0    0    0    0    
0    0    0    0    0    
0    0    0    0    0    
0    0    0    0    0    
0    0    0    0    0    
0    0    0    0    0    
0    0    0    0    0    
0    0    0    0    0    
0    0    0    0    0    
0    0    0    0    0    
0    0    0    0    0    
0    0    0    0    0    
0    0    0    0    0    
0    0    0    0    0    
0    0    0    0    0    
0    0    0    0    0    
0    0    0    0    0    
0    0    0    0    0    
0    0    0    0    0    
0    0    0    0    0    
0    0    0    0    0    
0    0    0    0    0    
0    0    0    0    0    
0    0    0    0    0    
0    0    0    0    0    
0    0    0    0    0    
0    0    0    0    0    
0    0    0    0    0    
0    0    0    0    0    
0    0    0    0    0    
0    0    0    0    0    
0    0    0    0    0    
0    0    0    0    0    
0    0    0    0    0    
0    0    0    0    0    
0    0    0    0    0    
0    0    0    0    0    
0    0    0    0    0    
0    0    0    0    0    
0    0    0    0    0    
0    0    0    0    0    
0    0    0    0    0    
0    0    0    0    0    
0    0    0    0    0    
0    0    0    0    0    
0    0    0    0    0    
0    0    0    0    0    
0    0    0    0    0    
0    0    0    0    0    
0    0    0    0    0    
0    0    0    0    0    
0    0    0    0    0    
0    0    0    0    0    
0    0    0    0    0    
0    0    0    0    0    
0    0    0    0    0    
0    0    0    0    0    
0    0    0    0    0    
0    0    0    0    0    
0    0    0    0    0    
0    0    0    0    0    
0    0    0    0    0    
0    0    0    0    0    
0    0    0    0    0    
0    0    0    0    0    
0    0    0    0    0    
0    0    0    0    0    
0    0    0    0    0    
0    0    0    0    0    
0    0    0    0    0    
0    0    0    0    0    
0    0    0    0    0    
0    0    0    0    0    
0    0    0    0    0    
0    0    0    0    0    
0    0    0    0    0    
0    0    0    0    0    
0    0    0    0    0    
0    0    0    0    0    
0    0    0    0    0    
0    0    0    0    0    
0    0    0    0    0    
0    0    0    0    0    
0    0    0    0    0    
0    0    0    0    0    
0    0    0    0    0    
0    0    0    0    0    
0    