.DATE:   31/ 3/2022 Time :15:59:10   FILE :pu 1212121212121.txt
ID:\Spectrum ID
Dwell Time :98µs  Sync Pulse :External  Channel Advance :Internal
CHNLS:4096 RT: 1000   HWLT: 1000   CRLT: 1000
0    0    0    0    0    
0    0    0    0    0    
0    0    0    0    0    
0    0    0    0    0    
0    0    0    0    0    
0    0    0    0    0    
0    0    0    0    0    
0    0    0    0    0    
0    0    0    0    0    
0    0    0    0    0    
0    0    0    0    0    
0    0    0    0    0    
0    0    0    0    0    
0    0    0    0    0    
0    0    0    0    0    
0    0    0    0    0    
0    0    0    0    0    
0    0    0    0    0    
0    0    0    0    0    
0    0    0    0    0    
0    0    0    0    0    
0    0    0    0    0    
0    0    0    0    0    
0    0    0    0    0    
0    0    0    0    0    
0    0    0    0    0    
0    0    0    0    0    
0    0    0    0    0    
0    0    0    0    0    
0    0    0    0    0    
0    0    0    0    0    
0    0    0    0    0    
0    0    0    0    0    
0    0    0    0    0    
0    0    0    0    0    
0    0    0    0    0    
0    0    0    0    0    
0    0    0    0    0    
0    0    0    0    0    
0    0    0    0    0    
0    0    0    0    0    
0    0    0    0    0    
0    0    0    0    0    
0    0    0    0    0    
0    0    0    0    0    
0    0    0    0    0    
0    0    0    0    0    
0    0    0    0    0    
0    0    0    0    0    
0    0    0    1    0    
3    13    11    32    42    
68    107    166    268    354    
485    552    581    556    503    
434    390    328    307    291    
298    299    255    251    245    
224    200    218    201    197    
194    164    199    191    182    
152    150    152    162    121    
134    145    130    120    125    
105    120    113    113    109    
94    92    82    73    90    
86    70    74    68    84    
79    56    79    65    49    
71    52    57    60    58    
51    40    56    49    36    
36    45    40    48    46    
56    31    35    21    25    
31    38    30    23    24    
23    27    26    24    22    
18    18    23    20    19    
15    25    23    17    19    
19    18    12    16    11    
11    11    11    16    6    
15    8    6    11    16    
6    7    14    14    7    
7    7    9    9    3    
6    1    9    7    7    
7    12    6    4    7    
6    4    4    5    6    
4    6    7    9    5    
3    5    5    2    7    
2    5    6    4    3    
5    5    7    6    2    
3    4    3    4    4    
11    1    2    3    2    
1    2    3    3    2    
2    5    3    4    3    
1    2    2    5    4    
7    1    3    0    3    
2    4    4    1    1    
0    2    1    1    1    
3    3    1    3    4    
1    1    4    2    2    
1    3    2    5    3    
1    1    4    3    3    
2    2    4    4    2    
0    1    2    3    3    
1    2    4    1    4    
1    2    2    4    2    
3    1    1    1    3    
1    4    2    5    1    
0    0    0    2    2    
1    1    0    2    1    
1    0    4    2    1    
2    3    1    1    4    
4    2    1    3    5    
2    1    1    2    2    
5    3    4    2    4    
4    3    1    1    2    
2    0    1    4    2    
0    2    3    2    1    
0    2    7    3    0    
4    0    1    2    2    
2    2    0    3    2    
4    4    1    4    5    
2    4    3    3    2    
3    4    1    3    3    
5    3    2    5    4    
3    4    3    1    3    
5    3    1    1    3    
1    3    3    1    1    
0    1    1    3    2    
2    4    3    3    1    
1    0    0    4    4    
1    2    2    2    0    
4    0    2    1    2    
4    3    1    1    2    
2    2    5    3    3    
2    5    4    1    2    
3    3    5    3    2    
1    4    2    1    2    
0    4    0    4    8    
1    2    3    4    1    
2    2    6    3    3    
3    3    2    1    4    
4    1    3    6    1    
3    2    2    2    1    
3    6    5    3    3    
1    1    1    2    1    
5    2    1    3    3    
1    4    0    4    7    
1    2    4    2    1    
1    3    5    4    4    
4    2    4    2    3    
3    0    1    4    4    
5    3    5    4    2    
6    5    1    2    4    
2    3    5    7    1    
4    4    3    1    2    
2    2    3    4    3    
1    5    2    6    1    
1    3    0    8    1    
4    4    2    2    1    
3    2    1    7    2    
2    4    3    4    2    
3    7    2    2    5    
2    11    4    1    3    
3    7    1    5    6    
6    3    3    4    0    
1    1    2    2    4    
1    6    2    4    5    
7    4    4    4    4    
2    3    2    1    4    
7    1    3    5    6    
5    3    7    2    5    
2    3    2    3    2    
5    6    1    4    3    
3    5    6    0    2    
8    1    6    3    5    
4    7    3    3    1    
5    7    5    3    3    
4    2    2    6    3    
7    3    2    1    2    
2    7    3    6    5    
9    5    3    5    5    
7    5    3    5    5    
1    3    3    6    3    
3    5    7    3    6    
3    3    3    8    4    
6    6    2    8    5    
6    7    6    9    4    
4    3    3    4    9    
5    6    5    4    2    
6    3    2    4    6    
3    4    7    6    4    
5    8    3    5    6    
2    3    3    4    6    
4    6    5    4    5    
6    2    7    6    5    
4    7    3    4    9    
3    4    3    7    3    
9    7    6    6    6    
6    3    5    5    5    
11    3    5    8    5    
4    5    6    8    5    
5    10    3    4    4    
7    7    6    8    8    
4    5    4    6    3    
7    4    7    9    7    
10    8    4    3    11    
5    14    6    13    5    
12    6    2    4    6    
6    5    8    12    10    
7    6    10    7    13    
5    5    7    8    5    
11    4    9    10    13    
7    4    5    7    6    
6    7    11    6    9    
6    7    6    4    6    
3    6    9    11    7    
8    8    7    8    5    
1    9    6    4    8    
11    10    8    5    10    
8    6    8    9    5    
9    5    4    7    10    
5    11    6    8    10    
8    12    12    3    7    
8    6    7    6    7    
7    7    11    7    8    
8    10    13    16    9    
5    9    10    8    9    
11    8    4    10    7    
10    7    3    6    5    
8    10    14    10    10    
16    14    7    10    9    
14    6    4    8    10    
7    8    11    6    9    
9    5    14    9    11    
10    7    7    8    7    
10    8    9    6    5    
8    9    6    7    11    
12    12    14    10    12    
12    9    8    15    9    
8    11    13    6    5    
8    17    7    14    15    
12    7    9    12    8    
12    9    13    8    13    
10    11    6    5    10    
7    12    15    15    8    
8    10    9    8    9    
11    10    13    8    11    
7    15    13    13    17    
14    15    13    10    10    
18    9    12    13    9    
11    13    7    15    10    
12    14    8    13    12    
10    15    8    15    13    
12    14    10    15    14    
11    15    10    6    11    
15    8    12    11    14    
16    14    19    7    12    
9    11    21    7    14    
12    20    15    14    12    
13    14    14    14    16    
15    13    14    18    14    
19    20    17    14    7    
22    17    14    13    15    
21    16    17    25    20    
14    14    7    16    11    
15    15    15    14    23    
15    23    10    17    9    
16    16    18    16    21    
27    17    16    12    14    
14    11    18    8    17    
11    9    21    17    17    
15    17    16    20    15    
13    15    13    16    19    
21    20    28    29    14    
12    16    16    21    11    
15    14    23    21    24    
15    19    19    16    26    
26    22    21    27    19    
20    14    22    30    25    
28    22    20    28    24    
24    29    29    26    18    
19    18    25    21    29    
32    25    20    27    25    
34    23    26    22    34    
30    21    34    31    28    
26    26    25    32    33    
33    33    34    37    31    
34    41    36    30    38    
33    35    29    46    27    
46    46    44    39    37    
32    36    37    36    46    
41    45    51    50    37    
49    45    44    49    42    
58    37    37    59    44    
52    60    70    46    51    
42    67    60    66    58    
62    48    46    69    61    
62    64    59    67    74    
74    82    86    74    73    
88    90    72    83    84    
78    91    102    85    95    
111    113    90    130    111    
122    112    119    112    135    
130    127    111    127    139    
138    146    134    137    145    
159    170    196    163    181    
171    170    195    203    213    
202    197    205    202    230    
228    238    262    258    245    
293    266    270    249    303    
320    334    311    321    316    
315    332    362    357    340    
393    400    400    387    407    
440    422    463    479    508    
460    470    487    517    558    
483    555    585    577    542    
617    587    655    617    628    
610    667    669    639    679    
720    675    704    715    768    
801    730    734    765    754    
727    762    756    752    795    
828    776    757    791    773    
768    744    785    806    758    
728    770    768    768    786    
724    731    729    741    711    
713    658    635    641    661    
588    654    678    624    567    
628    548    588    538    537    
538    543    521    506    484    
483    477    493    447    420    
458    416    385    413    406    
330    373    361    321    317    
335    320    292    294    304    
272    296    316    239    248    
257    260    232    258    239    
218    219    219    195    232    
215    221    230    198    190    
166    179    160    181    174    
168    179    164    143    158    
148    145    128    162    141    
150    161    152    154    151    
148    133    115    115    100    
112    119    121    126    123    
115    121    100    124    96    
114    101    98    110    85    
99    76    94    92    99    
98    93    104    97    92    
76    68    76    87    71    
91    70    68    65    72    
80    65    67    51    51    
62    54    57    51    51    
54    41    58    40    45    
41    42    29    34    34    
38    29    35    32    42    
36    32    25    23    20    
32    20    23    26    17    
21    14    22    26    16    
12    22    15    17    17    
22    16    24    11    15    
6    11    9    8    8    
15    9    12    12    7    
12    8    3    11    9    
10    8    6    2    7    
9    4    8    9    4    
6    0    4    2    3    
6    2    4    6    4    
4    1    0    3    2    
2    2    3    3    4    
1    1    3    0    2    
2    1    1    1    3    
3    3    2    3    1    
1    1    5    2    3    
2    3    0    0    3    
0    1    1    1    0    
0    2    2    1    0    
0    0    0    2    1    
0    1    0    0    1    
0    1    0    1    0    
0    0    2    0    0    
0    0    0    0    1    
0    0    0    0    0    
0    0    0    0    0    
0    0    0    0    1    
0    1    0    0    0    
0    0    0    0    0    
0    0    0    0    0    
1    1    0    0    0    
0    0    0    0    0    
0    0    0    0    0    
1    0    0    0    0    
0    0    0    0    2    
1    0    0    0    0    
0    0    0    0    0    
0    0    0    0    0    
0    0    0    0    0    
0    0    0    0    0    
0    1    0    0    0    
0    0    0    0    0    
0    0    0    0    0    
0    0    0    0    0    
0    1    0    0    0    
1    1    0    1    0    
0    0    0    0    0    
0    0    0    0    0    
0    0    0    0    0    
0    0    0    0    0    
0    0    0    0    0    
0    0    0    0    0    
0    0    0    1    0    
0    0    0    0    0    
0    0    1    0    0    
0    0    0    0    0    
0    0    0    0    0    
0    0    0    0    0    
0    0    0    0    0    
0    0    0    0    0    
0    0    0    0    0    
0    1    0    0    0    
0    0    1    0    0    
0    0    0    0    0    
0    0    0    0    0    
0    0    0    0    0    
0    0    1    0    0    
0    0    0    0    0    
0    0    0    0    0    
0    0    0    0    0    
0    0    1    0    0    
0    0    0    0    0    
0    0    0    1    0    
0    0    0    0    0    
0    0    0    0    0    
0    0    0    0    0    
0    0    0    0    0    
0    0    0    0    0    
0    0    0    0    0    
0    0    0    0    0    
0    0    0    0    0    
0    0    0    0    0    
1    0    0    0    0    
0    0    0    1    0    
0    0    0    0    0    
0    0    0    0    0    
0    0    0    0    0    
0    0    0    0    0    
1    0    0    0    0    
0    0    0    0    0    
0    0    0    0    0    
0    0    0    0    0    
0    0    0    0    0    
0    0    0    0    0    
0    1    0    0    0    
0    0    0    0    0    
0    0    0    0    0    
0    0    0    0    0    
0    0    0    0    0    
0    0    0    0    0    
0    0    0    0    0    
0    0    0    0    0    
0    0    0    0    0    
0    0    0    0    0    
0    0    0    0    0    
0    0    0    0    0    
0    0    0    0    0    
0    0    0    0    0    
0    0    0    0    0    
0    0    0    0    0    
0    0    0    0    0    
0    0    0    0    0    
0    0    0    0    0    
0    1    1    0    1    
0    0    0    0    0    
0    1    0    0    0    
0    0    0    0    0    
0    0    0    0    0    
0    0    0    0    0    
0    1    0    0    0    
0    0    0    0    0    
0    0    0    0    0    
0    0    0    0    0    
1    0    0    0    0    
0    0    0    0    0    
0    0    0    0    0    
1    0    0    0    0    
0    0    0    0    0    
0    0    0    0    0    
0    0    0    0    0    
0    0    0    0    0    
0    0    0    0    0    
0    0    0    0    0    
0    0    0    0    0    
0    0    0    0    0    
0    0    0    0    0    
1    0    0    0    0    
0    0    0    0    0    
0    1    0    0    0    
0    0    0    0    0    
0    0    0    0    0    
0    1    0    0    0    
0    0    0    0    0    
0    0    0    0    0    
0    0    0    0    0    
0    0    0    0    0    
0    0    0    0    0    
0    0    0    0    0    
0    0    0    0    0    
0    0    0    0    0    
0    0    0    0    0    
0    0    0    0    0    
0    1    0    0    0    
0    0    0    0    0    
0    0    0    0    0    
0    0    0    0    0    
0    0    0    0    0    
0    0    0    0    0    
0    0    0    0    0    
0    0    0    0    0    
0    0    0    0    0    
0    0    0    0    0    
0    0    0    0    0    
0    0    0    0    0    
0    0    0    0    1    
0    0    0    0    0    
0    0    0    0    0    
0    0    0    0    0    
0    1    0    0    0    
0    0    0    0    0    
0    0    0    0    0    
0    0    0    0    0    
0    0    0    1    0    
0    0    0    0    0    
0    0    0    0    0    
0    0    0    0    0    
0    0    0    0    0    
0    0    0    0    1    
0    0    0    0    0    
0    0    1    0    0    
0    0    0    0    0    
0    0    0    0    0    
0    0    0    0    0    
0    0    0    0    0    
0    0    1    0    0    
0    0    0    0    0    
0    0    0    0    0    
0    0    0    0    0    
0    0    0    0    0    
0    0    0    0    0    
0    0    0    1    0    
0    0    0    0    0    
0    0    1    0    0    
0    0    0    0    0    
0    2    0    0    0    
0    0    0    0    0    
0    0    0    0    0    
0    0    0    0    0    
0    0    0    0    0    
0    1    0    0    0    
0    0    0    0    0    
0    1    0    0    0    
1    0    0    0    0    
0    0    0    0    0    
0    0    0    0    0    
0    0    1    1    0    
0    0    0    0    0    
0    1    0    0    0    
0    0    0    0    0    
0    0    0    0    0    
0    0    0    0    0    
0    0    1    0    0    
0    0    0    0    0    
0    0    0    0    0    
1    0    0    0    0    
0    1    0    0    0    
0    0    0    0    0    
1    0    0    0    0    
0    0    1    0    0    
0    0    0    0    0    
0    0    0    0    0    
0    0    0    0    0    
0    0    0    0    0    
0    0    0    0    0    
0    0    0    0    0    
0    0    0    0    0    
0    0    0    0    0    
0    1    0    0    0    
0    0    0    0    0    
0    0    0    0    0    
1    0    0    0    0    
0    0    0    0    0    
0    0    0    0    0    
0    0    0    0    0    
0    0    0    0    0    
0    0    0    0    0    
0    0    0    0    0    
0    0    0    0    0    
0    0    0    0    0    
0    0    0    0    0    
0    0    0    0    0    
0    0    0    0    0    
0    0    0    0    0    
0    0    0    0    0    
0    0    0    0    0    
0    0    0    0    0    
0    0    0    0    0    
0    0    0    0    0    
0    0    1    0    0    
0    0    0    0    0    
0    0    0    0    0    
0    0    0    1    0    
0    0    0    0    0    
0    0    0    0    0    
0    0    0    0    0    
0    0    0    0    0    
0    0    0    0    0    
0    0    0    0    0    
0    0    0    0    0    
0    0    0    0    0    
0    0    0    0    0    
0    0    0    0    0    
0    0    0    0    0    
0    0    0    0    0    
0    0    0    0    0    
0    0    0    0    0    
0    0    0    0    0    
1    0    0    0    0    
0    0    0    0    0    
0    0    0    1    0    
0    0    0    0    0    
0    0    0    0    0    
0    1    0    0    0    
0    0    0    0    0    
0    0    0    0    0    
0    0    0    0    0    
0    0    0    0    0    
0    0    0    0    1    
0    0    0    0    1    
0    0    0    0    0    
0    1    1    0    0    
0    0    1    0    0    
1    0    0    0    0    
0    0    0    0    0    
0    0    0    0    1    
0    0    0    0    0    
0    0    0    0    0    
0    0    0    0    1    
0    0    0    0    0    
0    0    0    0    0    
0    0    0    0    0    
0    1    0    0    0    
0    0    0    0    0    
0    0    0    0    0    
0    0    0    0    0    
0    1    0    0    0    
0    0    0    0    0    
0    0    0    0    0    
0    0    0    0    0    
0    0    0    0    0    
0    0    0    0    0    
0    0    0    0    0    
0    0    0    0    0    
0    0    0    0    0    
0    0    0    0    0    
0    0    0    0    0    
0    0    0    0    0    
0    0    0    0    0    
0    0    0    0    0    
0    0    0    0    0    
0    0    0    0    0    
0    0    0    0    0    
0    0    0    0    0    
0    0    0    0    0    
0    0    0    0    0    
0    0    0    0    0    
0    0    0    0    0    
0    0    0    0    0    
0    0    0    0    0    
0    0    0    0    0    
0    0    0    0    0    
0    0    0    0    0    
0    0    0    0    0    
0    0    0    0    0    
0    0    0    0    0    
0    0    0    0    0    
0    0    0    0    0    
0    0    0    0    0    
0    0    0    0    0    
0    0    0    0    0    
0    0    0    0    0    
0    0    0    0    0    
0    0    0    0    0    
0    0    0    0    0    
0    0    0    0    0    
0    0    0    0    0    
0    0    0    0    0    
0    0    0    0    0    
0    0    0    0    0    
0    0    0    0    0    
0    0    0    0    0    
0    0    0    0    0    
0    0    0    0    0    
0    0    0    0    0    
0    0    0    0    0    
0    0    0    0    0    
0    0    0    0    0    
0    0    0    0    0    
0    0    0    0    0    
0    0    0    0    0    
0    0    0    0    0    
0    0    0    0    0    
0    0    0    0    0    
0    0    0    0    0    
0    0    0    0    0    
0    0    0    0    0    
0    0    0    0    0    
0    0    0    0    0    
0    0    0    0    0    
0    0    0    0    0    
0    0    0    0    0    
0    0    0    0    0    
0    0    0    0    0    
0    0    0    0    0    
0    0    0    0    0    
0    0    0    0    0    
0    0    0    0    0    
0    0    0    0    0    
0    0    0    0    0    
0    0    0    0    0    
0    0    0    0    0    
0    0    0    0    0    
0    0    0    0    0    
0    0    0    0    0    
0    0    0    0    0    
0    0    0    0    0    
0    0    0    0    0    
0    0    0    0    0    
0    0    0    0    0    
0    0    0    0    0    
0    0    0    0    0    
0    0    0    0    0    
0    0    0    0    0    
0    0    0    0    0    
0    0    0    0    0    
0    0    0    0    0    
0    0    0    0    0    
0    0    0    0    0    
0    0    0    0    0    
0    0    0    0    0    
0    0    0    0    0    
0    0    0    0    0    
0    0    0    0    0    
0    0    0    0    0    
0    0    0    0    0    
0    0    0    0    0    
0    0    0    0    0    
0    0    0    0    0    
0    0    0    0    0    
0    0    0    0    0    
0    0    0    0    0    
0    0    0    0    0    
0    0    0    0    0    
0    0    0    0    0    
0    0    0    0    0    
0    0    0    0    0    
0    0    0    0    0    
0    0    0    0    0    
0    0    0    0    0    
0    0    0    0    0    
0    0    0    0    0    
0    0    0    0    0    
0    0    0    0    0    
0    0    0    0    0    
0    0    0    0    0    
0    0    0    0    0    
0    0    0    0    0    
0    0    0    0    0    
0    0    0    0    0    
0    0    0    0    0    
0    0    0    0    0    
0    0    0    0    0    
0    0    0    0    0    
0    0    0    0    0    
0    0    0    0    0    
0    0    0    0    0    
0    0    0    0    0    
0    0    0    0    0    
0    0    0    0    0    
0    0    0    0    0    
0    0    0    0    0    
0    0    0    0    0    
0    0    0    0    0    
0    0    0    0    0    
0    0    0    0    0    
0    0    0    0    0    
0    0    0    0    0    
0    0    0    0    0    
0    0    0    0    0    
0    0    0    0    0    
0    0    0    0    0    
0    0    0    0    0    
0    0    0    0    0    
0    0    0    0    0    
0    0    0    0    0    
0    0    0    0    0    
0    0    0    0    0    
0    0    0    0    0    
0    0    0    0    0    
0    0    0    0    0    
0    0    0    0    0    
0    0    0    0    0    
0    0    0    0    0    
0    0    0    0    0    
0    0    0    0    0    
0    0    0    0    0    
0    0    0    0    0    
0    0    0    0    0    
0    0    0    0    0    
0    0    0    0    0    
0    0    0    0    0    
0    0    0    0    0    
0    0    0    0    0    
0    0    0    0    0    
0    0    0    0    0    
0    0    0    0    0    
0    0    0    0    0    
0    0    0    0    0    
0    0    0    0    0    
0    