.DATE:   29/ 3/2022 Time :14:26:24   FILE :pu239-vaccum.txt
ID:\Spectrum ID
Dwell Time :0µs  Sync Pulse :Internal  Channel Advance :Internal
CHNLS:4096 RT:  506   HWLT:  506   CRLT:  506
0    0    0    0    0    
0    0    0    0    0    
0    0    0    0    0    
0    0    0    0    0    
0    0    0    0    0    
0    0    0    0    0    
0    0    0    0    0    
0    0    0    0    0    
0    0    0    0    0    
0    0    0    0    0    
0    0    0    0    0    
0    0    0    0    0    
0    0    0    0    0    
0    0    0    0    0    
0    0    0    0    0    
0    0    0    0    0    
0    0    0    0    0    
0    0    0    0    0    
0    0    0    0    0    
0    0    0    0    0    
0    0    0    0    0    
0    0    0    0    0    
0    0    0    0    0    
0    0    0    0    0    
0    0    0    0    0    
0    0    0    0    0    
0    0    0    0    0    
0    0    0    0    0    
0    0    0    0    0    
0    0    0    0    0    
0    0    0    0    0    
0    0    0    0    0    
0    0    0    0    0    
0    0    0    0    0    
0    0    0    0    0    
0    0    0    0    0    
0    0    0    1    1    
1    0    1    0    0    
2    2    5    6    11    
12    53    76    132    211    
329    596    727    980    1012    
1044    1049    964    817    824    
742    735    696    667    650    
605    558    615    579    576    
585    552    553    553    529    
509    518    485    498    469    
450    466    423    410    405    
397    379    380    368    363    
402    370    336    307    350    
300    303    339    303    299    
265    249    257    236    250    
244    236    257    220    226    
196    201    204    193    193    
188    206    160    143    152    
158    133    149    126    119    
121    125    115    128    120    
107    109    97    81    82    
81    75    79    81    80    
67    61    56    75    76    
65    68    49    56    35    
53    50    41    54    34    
55    30    46    29    29    
29    28    27    25    40    
23    29    21    34    14    
22    22    17    27    11    
18    16    15    10    17    
8    24    18    16    15    
12    15    10    12    12    
6    13    12    9    5    
9    9    11    12    9    
6    10    4    5    7    
3    6    0    8    6    
7    4    10    4    5    
6    6    3    2    8    
3    2    3    2    6    
4    5    5    3    2    
0    5    3    1    3    
6    3    1    2    5    
3    1    3    4    2    
3    2    2    5    2    
2    1    1    3    4    
2    3    3    4    2    
1    5    2    1    4    
6    4    3    1    1    
1    6    4    1    3    
3    3    1    3    2    
2    2    2    1    3    
0    0    1    3    1    
3    2    6    2    1    
1    3    3    2    3    
1    6    0    1    1    
7    4    4    4    4    
0    0    4    1    3    
2    1    2    0    3    
0    1    1    3    1    
2    1    0    3    1    
3    2    0    0    1    
4    1    3    2    3    
2    3    1    1    1    
1    2    4    1    3    
0    1    1    1    2    
0    5    2    2    3    
3    1    2    1    2    
7    2    3    2    3    
2    2    2    0    2    
3    0    3    3    5    
4    1    3    5    1    
1    2    4    2    3    
2    3    3    1    3    
1    2    1    1    1    
2    0    3    1    2    
4    2    1    2    2    
1    4    2    1    3    
1    0    4    0    1    
1    1    5    4    3    
8    0    3    1    5    
1    3    5    1    3    
7    2    1    0    2    
2    4    1    2    0    
1    2    2    3    1    
1    1    1    1    3    
4    4    2    5    4    
1    3    1    6    1    
1    6    1    0    5    
1    0    3    2    1    
1    2    0    3    1    
6    2    0    1    2    
2    3    2    1    1    
4    4    2    0    4    
0    1    1    2    1    
5    4    3    4    3    
6    1    1    3    2    
5    1    3    6    2    
0    3    3    3    3    
4    1    1    0    3    
1    4    3    1    0    
2    2    0    3    2    
2    5    3    0    1    
3    1    2    0    1    
2    4    5    3    3    
2    2    2    1    2    
1    2    3    3    4    
2    2    1    2    1    
2    3    3    3    1    
2    4    2    4    0    
4    4    2    3    4    
0    1    3    5    3    
1    2    0    1    3    
3    2    1    4    2    
6    1    1    2    1    
4    0    4    2    3    
2    3    4    2    4    
1    1    1    2    5    
2    4    4    2    4    
5    3    1    3    3    
0    2    3    3    2    
4    3    0    0    2    
2    2    4    3    6    
3    7    7    5    5    
2    4    2    1    3    
1    0    4    3    6    
3    2    5    4    7    
3    2    2    7    0    
2    4    5    1    3    
4    2    4    2    2    
7    2    4    1    3    
3    7    3    5    3    
3    3    2    5    8    
2    4    2    3    4    
2    5    9    2    2    
3    2    4    3    3    
1    3    6    4    1    
4    2    7    2    6    
5    5    2    6    0    
4    4    2    2    2    
6    4    4    2    3    
4    4    2    6    1    
9    2    4    4    1    
2    3    3    7    6    
2    4    2    7    3    
3    4    3    7    4    
2    6    1    9    6    
3    6    2    3    5    
4    5    5    1    3    
4    5    5    4    2    
4    4    0    3    4    
3    3    3    6    5    
5    3    3    7    1    
3    3    4    1    5    
2    6    2    6    1    
3    3    3    6    2    
5    3    6    6    6    
5    5    4    7    7    
4    7    7    1    2    
6    2    5    6    8    
5    2    10    1    5    
5    6    4    4    1    
6    2    2    2    6    
5    0    4    5    3    
7    3    7    5    2    
9    10    6    5    9    
8    10    3    5    5    
6    3    5    8    6    
4    4    1    4    3    
7    5    3    4    6    
2    4    7    6    3    
6    3    6    5    5    
10    3    5    8    7    
5    2    6    2    6    
11    4    6    2    4    
7    4    6    7    3    
4    8    5    1    6    
7    2    8    4    6    
3    6    5    7    6    
9    8    5    3    5    
4    5    4    7    3    
7    7    7    7    2    
3    8    5    6    5    
3    5    8    1    3    
7    6    8    4    8    
8    5    8    5    9    
2    9    6    2    7    
5    1    12    8    10    
4    4    6    4    4    
5    5    6    10    8    
9    8    16    9    6    
3    5    7    10    6    
12    3    8    10    9    
8    5    9    8    9    
7    9    10    7    5    
11    9    12    7    4    
6    9    15    7    9    
7    7    12    4    7    
7    10    2    5    9    
8    6    16    10    11    
9    8    8    10    5    
10    8    9    7    2    
2    8    6    11    5    
11    10    11    6    8    
4    11    7    6    4    
2    4    6    4    2    
3    5    9    9    10    
6    11    8    9    13    
10    9    9    10    8    
7    8    7    10    8    
8    15    10    10    10    
9    6    8    6    6    
10    7    7    8    11    
11    7    12    7    11    
13    11    10    4    7    
12    13    11    7    7    
14    10    10    11    8    
12    11    9    14    13    
8    6    14    3    8    
5    12    2    5    10    
9    7    15    12    4    
7    7    9    11    14    
9    14    8    13    4    
9    11    7    10    11    
13    14    11    13    17    
6    7    13    18    11    
12    15    15    7    13    
16    12    9    12    14    
16    13    14    13    8    
14    12    13    13    15    
12    13    13    10    17    
14    18    16    16    15    
16    7    15    16    7    
12    15    16    17    16    
24    13    22    12    13    
14    17    13    14    16    
18    21    14    19    13    
9    12    16    15    14    
15    15    13    20    16    
10    13    12    17    16    
22    19    27    13    14    
18    20    17    15    18    
17    22    22    19    26    
17    27    19    16    21    
15    18    16    14    18    
20    20    19    22    23    
26    23    25    33    13    
25    23    24    19    31    
19    23    30    22    35    
24    20    21    31    26    
28    28    32    33    31    
35    26    25    35    30    
31    44    40    53    34    
35    43    30    36    32    
35    52    46    51    39    
32    50    40    51    50    
52    42    50    52    61    
45    64    50    52    51    
52    60    63    61    53    
69    69    80    90    67    
74    69    82    85    99    
88    99    96    72    82    
85    97    110    94    106    
118    94    112    123    120    
124    118    134    138    155    
141    144    145    136    148    
159    169    170    177    203    
232    183    198    218    241    
223    252    252    249    233    
272    239    297    290    298    
321    308    307    315    352    
357    356    363    362    365    
385    376    411    434    401    
446    490    436    460    483    
488    504    493    516    556    
516    515    529    541    614    
575    548    578    595    588    
602    606    606    648    576    
621    624    627    633    666    
631    656    687    666    637    
648    673    649    651    625    
701    640    658    661    651    
655    654    624    657    638    
616    614    555    615    560    
520    587    573    557    490    
493    460    497    431    469    
487    422    440    436    423    
423    408    398    358    346    
351    327    367    337    323    
316    359    277    276    303    
270    219    236    211    209    
215    199    211    190    192    
194    166    175    154    185    
151    154    125    153    146    
138    133    136    123    148    
124    126    108    104    125    
126    107    96    117    108    
113    96    106    117    123    
91    104    86    93    80    
95    91    94    78    92    
87    80    92    78    73    
98    100    78    77    81    
89    93    74    74    64    
74    75    71    91    79    
59    69    57    59    68    
62    64    46    63    55    
54    51    68    57    62    
48    55    57    49    55    
41    35    33    47    43    
31    34    30    36    36    
25    31    30    32    41    
23    35    33    33    20    
31    23    21    17    18    
23    19    17    9    15    
23    15    15    18    8    
14    11    10    10    5    
11    10    14    9    5    
9    4    14    3    11    
8    5    4    8    8    
6    8    2    5    4    
5    1    6    7    3    
4    3    3    2    2    
3    4    1    5    3    
5    4    3    0    4    
2    1    0    2    1    
1    1    0    2    1    
4    0    0    0    1    
0    1    3    1    0    
3    4    1    1    2    
0    1    1    0    0    
1    0    0    0    0    
1    0    0    2    0    
0    0    1    0    0    
0    0    0    0    1    
0    0    0    0    0    
0    0    1    0    0    
2    1    1    1    1    
0    0    1    0    0    
0    0    0    0    0    
0    0    0    0    0    
0    0    0    0    1    
0    0    0    0    0    
0    2    0    0    0    
0    0    0    0    0    
0    0    0    0    0    
0    0    0    1    0    
0    0    0    0    0    
0    0    0    0    0    
0    0    0    1    0    
0    0    0    0    0    
0    0    0    0    0    
0    1    0    0    0    
0    0    0    0    0    
0    0    1    0    0    
0    0    0    0    0    
1    0    1    0    0    
0    0    0    1    0    
1    0    0    0    0    
0    0    0    0    0    
0    0    0    0    0    
0    0    0    0    0    
0    0    0    0    0    
1    0    0    0    0    
0    0    0    0    0    
0    0    0    0    0    
0    0    0    0    0    
1    0    0    0    0    
0    0    0    0    0    
0    0    0    0    0    
0    0    0    0    0    
0    0    0    0    0    
0    0    0    0    1    
0    0    0    0    0    
0    0    0    0    0    
0    0    0    0    0    
0    0    0    1    0    
0    0    0    0    0    
0    0    0    0    0    
0    0    0    0    1    
0    1    0    0    0    
0    0    0    0    0    
0    0    0    1    0    
1    0    0    0    0    
0    0    0    0    0    
0    0    0    0    0    
0    0    0    0    0    
0    0    0    0    0    
0    0    0    0    0    
0    0    0    0    0    
0    0    0    0    0    
0    0    0    0    0    
0    0    0    0    0    
0    0    0    0    3    
0    0    0    1    0    
0    0    0    0    0    
0    0    0    0    0    
0    0    0    0    1    
1    1    0    0    0    
0    0    0    0    0    
0    0    0    0    0    
0    0    0    0    0    
0    0    0    0    0    
0    0    0    0    0    
0    0    0    0    0    
1    0    0    0    0    
0    0    0    0    0    
0    0    0    0    0    
0    0    0    0    1    
0    0    0    0    0    
0    0    0    0    0    
0    1    0    0    0    
0    0    0    0    0    
0    0    0    0    0    
1    0    0    0    0    
0    0    0    0    0    
0    1    0    0    0    
0    0    0    1    0    
0    0    0    0    1    
1    0    0    0    0    
1    0    0    0    0    
0    0    0    1    0    
0    0    0    0    0    
0    0    0    0    0    
0    0    1    0    0    
0    0    0    1    1    
0    0    0    0    0    
0    0    0    0    0    
0    0    0    0    0    
0    0    0    0    0    
0    0    0    1    0    
0    0    1    0    0    
0    0    0    0    0    
0    0    0    0    0    
0    0    0    0    0    
0    0    0    0    0    
0    0    0    0    0    
0    0    0    0    0    
0    0    0    0    0    
0    0    0    0    0    
0    0    0    0    0    
0    0    0    0    0    
0    0    0    0    0    
0    0    0    0    0    
0    1    0    0    0    
0    0    0    1    0    
0    0    0    0    0    
1    0    0    0    0    
0    0    0    0    0    
0    0    0    0    0    
0    1    0    0    0    
0    0    0    0    0    
0    0    0    0    0    
0    0    0    0    0    
0    0    0    0    0    
0    0    1    0    0    
0    0    0    0    0    
0    0    0    0    0    
0    0    0    0    0    
0    1    0    0    0    
0    0    0    0    0    
0    0    0    1    0    
0    0    0    0    0    
0    0    0    0    0    
0    0    0    0    0    
0    0    0    0    0    
1    0    0    0    0    
0    0    0    1    0    
0    0    0    0    0    
0    0    0    0    0    
1    0    0    0    0    
0    0    0    0    0    
0    1    0    0    0    
0    0    0    0    0    
0    0    0    0    0    
0    0    0    0    0    
0    0    0    0    0    
0    0    0    0    0    
0    0    0    0    0    
0    0    0    0    0    
0    1    0    0    0    
0    0    1    0    0    
0    0    0    0    0    
0    1    0    0    1    
1    0    0    0    0    
0    1    0    0    0    
0    0    0    0    0    
0    0    2    0    0    
0    0    0    0    0    
0    0    0    0    0    
0    0    0    0    0    
1    0    0    0    0    
0    0    0    0    0    
0    0    0    0    0    
0    0    0    1    0    
0    0    0    0    0    
0    0    0    0    0    
0    0    0    0    0    
1    0    0    0    0    
1    0    0    0    0    
0    0    0    0    0    
0    0    0    0    0    
0    0    0    0    0    
0    0    0    0    0    
1    0    0    0    0    
0    0    0    0    0    
0    0    0    0    0    
0    0    0    0    0    
0    0    0    0    0    
0    0    1    0    1    
0    0    0    0    0    
0    0    0    1    0    
1    0    0    0    0    
0    0    0    0    0    
0    0    0    0    0    
0    2    0    0    0    
0    0    0    0    0    
0    0    0    0    0    
0    1    0    0    0    
0    0    0    0    0    
0    0    0    0    0    
0    0    0    0    0    
0    0    1    0    0    
0    1    0    0    0    
0    0    1    0    0    
1    0    0    0    0    
0    0    0    0    0    
0    0    0    0    0    
0    0    0    0    0    
0    0    1    1    1    
0    0    0    0    0    
0    0    0    0    0    
0    0    0    0    0    
0    0    0    0    0    
1    0    1    0    0    
0    0    0    0    0    
0    0    1    0    0    
1    0    0    0    0    
0    0    0    0    0    
0    0    0    0    0    
0    0    0    0    0    
0    0    0    0    0    
0    0    0    0    0    
0    0    0    0    0    
0    0    0    0    0    
0    0    0    0    0    
0    0    1    0    0    
0    0    0    0    0    
0    0    0    0    0    
0    1    0    0    0    
0    0    0    0    0    
0    0    1    0    0    
0    0    0    0    0    
0    0    0    0    0    
0    1    0    1    1    
0    1    0    0    0    
1    0    0    0    0    
0    0    0    0    0    
0    0    1    0    0    
0    0    0    0    0    
0    0    0    0    0    
0    0    0    0    0    
0    0    0    0    0    
0    0    0    1    0    
0    0    0    0    0    
0    0    0    1    0    
0    0    0    0    0    
0    0    0    0    2    
0    0    0    0    0    
0    0    0    0    0    
0    0    1    0    0    
0    0    0    0    0    
0    0    0    0    0    
0    0    0    0    0    
2    0    1    0    0    
0    0    0    0    0    
0    0    0    0    0    
0    0    0    0    0    
0    0    0    0    0    
0    0    0    0    0    
0    0    0    1    0    
0    0    0    0    0    
0    0    0    0    0    
0    0    0    0    0    
0    0    0    1    0    
0    0    0    1    0    
0    0    0    0    0    
0    0    0    0    0    
1    0    0    0    0    
0    0    0    0    0    
0    0    0    0    0    
0    0    0    0    1    
0    0    0    0    0    
0    1    1    0    0    
0    0    0    1    0    
0    0    0    0    0    
0    0    0    0    0    
0    0    0    0    0    
1    0    0    1    0    
0    0    1    0    1    
0    0    0    0    0    
0    0    0    0    0    
0    0    0    0    1    
0    0    0    1    0    
0    0    0    0    0    
1    0    0    0    0    
0    0    0    0    0    
0    0    0    0    0    
0    0    0    0    1    
0    0    0    0    0    
0    0    0    0    0    
0    0    0    0    0    
0    0    0    0    0    
0    0    0    0    0    
0    0    0    0    0    
0    0    0    0    0    
0    0    0    0    0    
0    0    0    0    0    
0    0    0    0    0    
0    0    0    0    1    
0    0    0    0    0    
0    0    0    0    0    
0    0    0    0    0    
0    0    0    0    0    
0    0    0    0    0    
0    0    0    0    0    
0    0    0    0    0    
0    0    0    0    0    
0    0    0    0    0    
0    0    0    0    0    
0    0    0    0    0    
0    0    0    0    0    
0    0    0    0    0    
0    0    0    0    0    
0    0    0    0    0    
0    0    0    0    0    
0    0    0    0    0    
0    0    0    0    0    
0    0    0    0    0    
0    0    0    0    0    
0    0    0    0    0    
0    0    0    0    0    
0    0    0    0    0    
0    0    0    0    0    
0    0    0    0    0    
0    0    0    0    0    
0    0    0    0    0    
0    0    0    0    0    
0    0    0    0    0    
0    0    0    0    0    
0    0    0    0    0    
0    0    0    0    0    
0    0    0    0    0    
0    0    0    0    0    
0    0    0    0    0    
0    0    0    0    0    
0    0    0    0    0    
0    0    0    0    0    
0    0    0    0    0    
0    0    0    0    0    
0    0    0    0    0    
0    0    0    0    0    
0    0    0    0    0    
0    0    0    0    0    
0    0    0    0    0    
0    0    0    0    0    
0    0    0    0    0    
0    0    0    0    0    
0    0    0    0    0    
0    0    0    0    0    
0    0    0    0    0    
0    0    0    0    0    
0    0    0    0    0    
0    0    0    0    0    
0    0    0    0    0    
0    0    0    0    0    
0    0    0    0    0    
0    0    0    0    0    
0    0    0    0    0    
0    0    0    0    0    
0    0    0    0    0    
0    0    0    0    0    
0    0    0    0    0    
0    0    0    0    0    
0    0    0    0    0    
0    0    0    0    0    
0    0    0    0    0    
0    0    0    0    0    
0    0    0    0    0    
0    0    0    0    0    
0    0    0    0    0    
0    0    0    0    0    
0    0    0    0    0    
0    0    0    0    0    
0    0    0    0    0    
0    0    0    0    0    
0    0    0    0    0    
0    0    0    0    0    
0    0    0    0    0    
0    0    0    0    0    
0    0    0    0    0    
0    0    0    0    0    
0    0    0    0    0    
0    0    0    0    0    
0    0    0    0    0    
0    0    0    0    0    
0    0    0    0    0    
0    0    0    0    0    
0    0    0    0    0    
0    0    0    0    0    
0    0    0    0    0    
0    0    0    0    0    
0    0    0    0    0    
0    0    0    0    0    
0    0    0    0    0    
0    0    0    0    0    
0    0    0    0    0    
0    0    0    0    0    
0    0    0    0    0    
0    0    0    0    0    
0    0    0    0    0    
0    0    0    0    0    
0    0    0    0    0    
0    0    0    0    0    
0    0    0    0    0    
0    0    0    0    0    
0    0    0    0    0    
0    0    0    0    0    
0    0    0    0    0    
0    0    0    0    0    
0    0    0    0    0    
0    0    0    0    0    
0    0    0    0    0    
0    0    0    0    0    
0    0    0    0    0    
0    0    0    0    0    
0    0    0    0    0    
0    0    0    0    0    
0    0    0    0    0    
0    0    0    0    0    
0    0    0    0    0    
0    0    0    0    0    
0    0    0    0    0    
0    0    0    0    0    
0    0    0    0    0    
0    0    0    0    0    
0    0    0    0    0    
0    0    0    0    0    
0    0    0    0    0    
0    0    0    0    0    
0    0    0    0    0    
0    0    0    0    0    
0    0    0    0    0    
0    0    0    0    0    
0    0    0    0    0    
0    0    0    0    0    
0    0    0    0    0    
0    0    0    0    0    
0    0    0    0    0    
0    0    0    0    0    
0    0    0    0    0    
0    0    0    0    0    
0    0    0    0    0    
0    0    0    0    0    
0    0    0    0    0    
0    0    0    0    0    
0    0    0    0    0    
0    0    0    0    0    
0    0    0    0    0    
0    0    0    0    0    
0    0    0    0    0    
0    0    0    0    0    
0    0    0    0    0    
0    0    0    0    0    
0    0    0    0    0    
0    0    0    0    0    
0    0    0    0    0    
0    0    0    0    0    
0    0    0    0    0    
0    0    0    0    0    
0    0    0    0    0    
0    0    0    0    0    
0    0    0    0    0    
0    0    0    0    0    
0    0    0    0    0    
0    