.DATE:    1/ 1/2002 Time :00:47:08   FILE :cesium calibration second attempt.txt
ID:\Spectrum ID
Dwell Time :98µs  Sync Pulse :External  Channel Advance :Internal
CHNLS:4096 RT:  500   HWLT:  500   CRLT:  500
10649    8258    8130    8248    8229    
8231    8299    8072    8256    8292    
8087    8212    8325    8163    8242    
8160    8275    8461    8311    8323    
8380    8265    8193    8162    8279    
8377    8360    8350    8283    8372    
8245    8121    8295    8185    8244    
8246    8251    8376    8293    8251    
8366    8135    8205    8050    8274    
8269    8105    8165    8041    8122    
7962    7978    8204    8229    7980    
8149    8088    8181    8152    8111    
8226    8108    8075    8030    8064    
8069    8102    8090    8086    8068    
7999    8041    8070    8062    8167    
8218    7983    8014    8033    8059    
8067    8034    8152    8269    8186    
8223    8130    8057    8085    8149    
8165    8141    8141    8157    8276    
8188    8038    8262    8122    8206    
8525    8171    8264    8303    8283    
8368    8465    8319    8413    8252    
8263    8550    8443    8404    8454    
8307    8566    8649    8467    8724    
8564    8697    8709    8845    9021    
8814    9062    8941    8871    9182    
9045    9220    9311    9458    9407    
9509    9577    9617    9808    9733    
9755    9772    9802    10001    9966    
10126    10175    10107    10331    10425    
10300    10284    10607    10672    10616    
10320    10526    10710    10777    10734    
10802    10783    10754    11092    10765    
10815    10854    10863    11003    10974    
10846    10867    10800    10949    10849    
11035    10775    10776    10946    10666    
10849    10812    10652    10951    10665    
10635    10587    10652    10532    10483    
10711    10369    10488    10415    10493    
10411    10253    10234    10195    10177    
9996    10002    10063    9996    9971    
9878    10002    10028    9826    9975    
9888    9907    9716    9870    9608    
9741    9524    9714    9565    9631    
9497    9208    9467    9450    9324    
9443    9378    9244    9212    9334    
9094    9285    9144    9082    9043    
9031    9087    8940    8990    8946    
8900    8877    8819    8919    8803    
8708    8425    8810    8602    8689    
8588    8568    8482    8695    8510    
8425    8515    8379    8284    8346    
8383    8357    8134    8341    8276    
8143    8026    8071    7961    7974    
8103    8027    8100    7861    7962    
7928    8076    8041    7907    7774    
7805    7709    7817    7723    7709    
7781    7794    7696    7529    7704    
7581    7686    7533    7595    7640    
7552    7507    7403    7513    7434    
7418    7467    7345    7276    7431    
7285    7225    7389    7364    7383    
7204    7236    7278    7101    7386    
7194    7174    7123    7148    7208    
7095    7032    7016    7081    7121    
7162    7083    7222    7072    7131    
6986    7060    7013    6904    6814    
6891    6974    6881    6919    6811    
6965    7006    6801    6969    6912    
6963    7039    6941    6890    6957    
6870    6988    6820    6829    6816    
6790    6742    6820    6815    6852    
6894    6841    6789    6579    6800    
6880    6716    6761    6697    6742    
6814    6843    6818    6712    6794    
6831    6667    6679    6704    6795    
6613    6658    6441    6461    6665    
6598    6702    6602    6606    6658    
6630    6803    6578    6651    6679    
6555    6825    6676    6582    6577    
6525    6690    6609    6476    6590    
6598    6719    6615    6665    6542    
6660    6634    6632    6706    6608    
6582    6520    6594    6662    6644    
6547    6662    6385    6489    6538    
6605    6427    6604    6614    6629    
6478    6586    6461    6620    6692    
6498    6588    6515    6549    6618    
6613    6428    6596    6639    6679    
6542    6624    6578    6536    6767    
6597    6458    6467    6594    6434    
6533    6423    6642    6446    6465    
6588    6466    6477    6668    6716    
6559    6502    6651    6635    6556    
6625    6581    6554    6477    6535    
6576    6531    6651    6614    6481    
6651    6594    6559    6601    6524    
6577    6611    6708    6644    6566    
6625    6713    6631    6758    6759    
6637    6580    6580    6433    6523    
6502    6618    6597    6663    6719    
6630    6615    6715    6766    6606    
6756    6708    6659    6557    6692    
6646    6736    6798    6564    6727    
6684    6763    6564    6719    6829    
6710    6746    6672    6692    6711    
6653    6778    6826    6807    6922    
6967    6801    6795    6729    6828    
6713    6835    6787    6883    6673    
6890    6868    6727    6794    6792    
6921    6817    6944    6793    6888    
6781    6932    6856    6972    6852    
7009    6783    7051    6929    6988    
6958    6960    7087    6942    6666    
7035    6969    6831    6875    6862    
6899    6986    6937    6930    7028    
7034    6931    6882    7013    6889    
7048    7146    6907    7093    7114    
6914    6968    7084    7040    7029    
6964    7079    7078    6908    7061    
7004    7062    7232    7014    6961    
7071    7002    7118    7059    7089    
7008    7011    6862    7023    6979    
6971    7102    6832    6834    6863    
6829    6851    7027    6757    6790    
7025    6957    6869    6834    6620    
6734    6706    6587    6642    6742    
6538    6618    6594    6541    6645    
6526    6356    6380    6310    6419    
6229    6241    6302    6268    6050    
6156    6066    6068    6010    6034    
5818    5930    5981    5715    5780    
5553    5615    5740    5585    5621    
5559    5455    5353    5182    5285    
5271    5165    5059    5100    5188    
4927    4951    4961    4814    4815    
4827    4557    4749    4642    4455    
4537    4515    4369    4338    4270    
4217    4202    4330    4217    4058    
4057    4011    3948    3929    3942    
3882    3840    3900    3747    3796    
3714    3619    3664    3723    3526    
3518    3451    3494    3451    3391    
3476    3394    3381    3299    3295    
3230    3302    3254    3202    3208    
3067    3145    3169    3176    3121    
3117    3049    3105    2996    2954    
3029    3027    2869    2867    2903    
2875    2907    2949    2817    2871    
2783    2738    2847    2692    2715    
2782    2724    2822    2656    2632    
2634    2575    2680    2630    2640    
2683    2564    2650    2542    2685    
2566    2627    2570    2597    2527    
2575    2581    2514    2491    2469    
2482    2422    2506    2434    2377    
2354    2434    2386    2420    2381    
2465    2394    2408    2406    2346    
2400    2360    2380    2388    2297    
2310    2350    2379    2312    2304    
2325    2349    2215    2350    2238    
2273    2383    2252    2227    2282    
2283    2307    2404    2246    2233    
2334    2266    2262    2282    2188    
2218    2293    2272    2210    2177    
2206    2323    2171    2198    2214    
2179    2186    2299    2278    2153    
2230    2172    2180    2180    2192    
2175    2129    2126    2213    2223    
2151    2178    2169    2212    2232    
2254    2254    2217    2273    2291    
2151    2234    2238    2237    2193    
2125    2290    2183    2271    2174    
2199    2200    2198    2263    2186    
2300    2202    2251    2273    2219    
2308    2312    2310    2254    2289    
2318    2322    2305    2261    2235    
2278    2462    2327    2285    2416    
2296    2356    2311    2371    2432    
2401    2393    2473    2387    2415    
2449    2512    2472    2454    2480    
2488    2493    2605    2492    2548    
2578    2585    2625    2692    2688    
2661    2776    2718    2801    2806    
2776    2859    2803    2918    3045    
3025    2991    2988    3029    3123    
3202    3129    3185    3227    3262    
3481    3376    3483    3720    3767    
3643    3828    3949    4059    4149    
4216    4247    4390    4605    4559    
4716    4879    4959    5110    5274    
5298    5548    5523    5795    6041    
6202    6366    6521    6808    6984    
7187    7486    7537    7767    8081    
8266    8449    8764    9046    9176    
9553    9838    10010    10501    10910    
11270    11575    11899    11969    12442    
12899    13242    13658    13876    14167    
14711    15223    15532    16063    16274    
16781    17148    17561    18256    18405    
18884    19383    19945    20408    20907    
21419    21698    21935    23005    23131    
23577    24003    24335    24629    25464    
25989    26301    26611    27136    27617    
28129    28165    28732    29101    29786    
29907    29944    30432    30567    31209    
31436    32361    32419    32225    32558    
32873    32896    32869    33628    33809    
33573    33534    33432    33898    34196    
34293    34222    34035    34286    34289    
34421    33720    33872    33849    33889    
33463    33024    32939    32766    32459    
32055    32107    31660    31383    31073    
30846    30475    29874    29577    29121    
28898    28234    27896    27544    26916    
26453    26127    25595    24930    24785    
23992    23554    23079    22441    22108    
21350    20906    20350    19906    19124    
18832    18501    17760    16989    16676    
16232    15675    15296    14533    14247    
13918    13422    12745    12134    12030    
11474    10758    10779    10344    10223    
9468    9027    8830    8571    8067    
7703    7501    7112    6755    6553    
6334    6116    5751    5442    5205    
4992    4653    4634    4388    4156    
3956    3840    3557    3377    3306    
3133    2987    2836    2698    2604    
2486    2474    2272    2182    2112    
1936    1945    1884    1837    1659    
1633    1501    1533    1408    1377    
1355    1330    1310    1261    1254    
1148    1159    1083    1087    1017    
993    1044    1028    940    1000    
978    940    881    949    879    
853    832    839    788    787    
831    822    824    821    833    
797    807    773    809    806    
764    752    743    753    777    
773    790    721    703    730    
732    726    752    741    713    
742    680    741    691    694    
633    683    737    716    717    
732    655    673    684    681    
680    690    638    677    633    
694    680    687    736    654    
665    681    680    735    643    
692    663    685    651    648    
654    621    694    627    679    
694    695    595    603    605    
633    627    650    620    664    
653    639    620    628    627    
617    588    626    630    598    
630    602    614    587    610    
623    617    574    618    620    
579    625    582    628    593    
585    606    583    590    622    
598    618    630    622    634    
639    594    605    593    602    
624    621    568    639    587    
572    596    540    618    576    
592    567    590    586    583    
575    651    579    566    549    
563    580    575    564    600    
585    567    538    603    580    
558    592    564    573    603    
534    623    587    603    573    
599    566    603    592    551    
534    556    559    580    599    
558    569    568    545    543    
549    537    528    569    589    
592    562    506    595    566    
599    511    577    539    581    
551    563    566    557    538    
548    533    552    538    563    
568    547    541    557    536    
525    532    498    526    518    
512    570    529    545    548    
535    542    551    540    540    
532    539    488    516    540    
544    540    472    534    534    
505    510    498    486    491    
484    541    511    524    525    
471    470    456    512    451    
508    488    509    502    469    
489    489    493    471    476    
497    479    474    497    479    
499    490    470    497    459    
472    475    487    451    470    
448    468    452    472    449    
441    425    485    452    424    
445    460    445    435    459    
513    454    437    410    424    
465    447    426    427    438    
482    428    398    434    452    
422    421    415    450    428    
415    432    428    415    381    
375    431    429    421    430    
429    393    376    437    407    
389    446    407    418    374    
398    405    442    392    396    
365    394    388    398    403    
367    385    397    385    398    
367    400    390    405    367    
403    354    379    398    361    
378    388    305    333    338    
377    391    355    322    349    
342    408    356    356    367    
367    371    357    340    369    
337    342    354    357    329    
312    346    354    313    337    
356    380    351    330    373    
347    321    313    331    328    
348    312    342    308    308    
352    367    305    351    306    
349    326    309    332    313    
333    321    343    320    352    
293    332    372    336    307    
309    299    325    313    311    
319    334    304    305    305    
303    304    288    311    326    
299    267    312    276    291    
316    306    274    302    290    
302    300    300    319    300    
315    301    301    289    286    
279    267    290    332    306    
292    289    277    280    289    
259    301    305    284    303    
308    272    278    274    256    
257    282    284    267    266    
318    283    293    294    297    
253    280    259    270    264    
281    286    290    285    258    
287    277    263    234    284    
280    273    265    282    250    
248    270    310    260    275    
284    263    258    287    281    
262    267    260    253    256    
241    239    247    239    245    
263    264    284    259    243    
248    279    231    264    267    
239    269    273    246    240    
248    235    250    257    256    
258    221    262    264    237    
237    227    232    264    252    
243    246    258    264    234    
248    239    229    259    270    
250    227    262    232    232    
244    227    220    244    265    
233    223    203    242    246    
258    233    225    237    198    
255    211    228    237    235    
239    238    224    213    242    
222    220    223    236    220    
218    232    224    225    215    
230    245    191    227    233    
234    209    229    209    211    
218    238    219    233    234    
207    213    234    214    227    
224    229    188    220    230    
218    215    199    209    200    
215    202    200    230    226    
227    200    215    186    226    
209    228    202    210    215    
209    213    173    239    216    
203    185    201    196    192    
215    195    216    182    219    
183    201    198    204    198    
208    186    193    183    160    
201    164    181    198    197    
207    184    180    183    193    
189    190    200    189    194    
186    187    182    217    171    
201    203    186    171    184    
168    181    200    167    182    
201    172    189    187    191    
197    174    201    185    189    
191    180    194    161    172    
178    189    180    162    182    
168    161    174    175    159    
183    192    161    187    154    
162    176    175    155    196    
168    174    168    179    162    
141    155    161    151    173    
162    157    131    154    156    
156    143    177    157    165    
145    159    144    153    146    
169    164    154    167    132    
124    153    145    120    133    
162    150    144    170    153    
132    152    153    137    119    
134    154    138    147    145    
116    141    145    158    114    
138    120    127    133    140    
137    131    123    166    146    
127    153    121    128    132    
125    130    156    153    129    
127    139    133    154    119    
154    145    138    125    122    
124    123    138    150    122    
111    135    106    132    119    
124    116    108    113    121    
124    102    106    140    124    
110    112    122    136    120    
124    123    110    160    125    
113    128    111    125    136    
127    124    124    108    115    
135    135    129    108    126    
90    111    111    117    112    
131    121    117    119    140    
105    113    138    113    142    
131    113    108    106    139    
131    121    140    117    120    
112    131    114    112    105    
135    104    122    109    109    
115    133    128    110    116    
118    129    112    111    126    
118    133    113    133    138    
97    89    99    112    116    
128    112    124    117    117    
125    116    123    115    122    
109    108    115    129    133    
109    114    108    117    105    
137    129    116    100    102    
113    125    120    113    112    
122    112    134    99    107    
121    133    125    130    130    
109    114    102    116    111    
117    114    108    105    121    
137    135    121    108    110    
101    123    107    105    130    
127    96    132    102    97    
101    130    111    113    111    
115    100    114    133    120    
133    117    114    128    123    
133    141    129    124    123    
123    107    144    129    125    
120    126    135    130    137    
112    124    128    121    141    
130    114    110    135    142    
117    129    117    127    142    
125    123    130    121    126    
141    128    158    133    136    
137    127    143    121    142    
137    139    134    135    148    
128    138    136    128    152    
145    133    130    144    135    
116    152    134    147    171    
124    141    129    154    132    
129    163    137    141    140    
138    156    150    144    143    
135    149    157    128    143    
134    155    147    144    153    
142    151    141    142    121    
146    154    146    143    133    
138    145    174    147    140    
156    129    153    155    163    
155    132    138    141    153    
135    128    128    145    128    
106    132    134    136    141    
116    114    125    127    140    
124    143    124    115    129    
129    116    97    126    132    
122    106    117    133    118    
114    111    106    121    126    
126    105    113    120    116    
98    113    85    84    107    
102    100    99    103    127    
106    95    92    108    108    
95    95    86    90    88    
86    91    88    84    82    
90    92    59    84    85    
76    68    64    82    75    
63    63    80    83    59    
67    63    73    50    63    
48    54    57    32    42    
59    58    35    47    56    
49    50    38    56    51    
37    47    49    28    34    
38    32    40    34    27    
33    31    33    32    35    
22    35    22    32    28    
32    29    26    22    41    
22    26    17    40    31    
34    31    19    35    21    
22    17    18    28    24    
16    19    20    18    29    
13    18    14    21    21    
27    23    15    21    27    
10    22    24    20    17    
27    20    11    21    25    
21    18    23    22    23    
14    20    17    14    23    
22    22    18    15    14    
17    15    18    23    19    
16    21    13    22    18    
21    19    17    18    20    
6    15    21    24    16    
18    28    22    25    24    
19    16    15    14    23    
12    30    20    14    18    
13    22    16    19    8    
18    13    17    22    19    
9    19    12    14    11    
17    17    15    15    14    
10    18    19    9    20    
28    22    12    22    22    
16    13    17    7    22    
12    13    11    17    10    
19    24    15    17    11    
18    15    12    16    10    
8    20    21    16    15    
13    9    11    15    11    
16    11    14    19    16    
12    21    16    13    12    
14    13    11    16    15    
6    13    13    18    11    
19    15    12    10    15    
13    16    15    9    14    
11    10    6    13    7    
10    13    9    18    11    
8    10    11    9    12    
15    11    15    7    11    
10    8    4    11    9    
8    6    6    7    11    
10    16    8    10    10    
5    10    6    14    11    
3    2    6    8    8    
8    14    9    9    8    
11    8    3    7    5    
5    9    11    4    11    
6    9    9    11    10    
7    11    11    8    7    
9    11    7    5    6    
6    10    11    12    5    
10    4    9    9    5    
9    6    10    8    8    
5    11    12    8    7    
10    10    4    11    7    
6    4    14    9    12    
2    6    5    6    7    
10    8    4    5    8    
10    5    9    10    6    
3    5    5    6    4    
10    7    4    5    8    
6    9    5    10    11    
7    12    9    5    6    
7    3    5    8    5    
7    5    10    5    8    
5    8    8    12    11    
9    8    7    4    3    
6    9    12    6    4    
8    11    14    7    4    
7    7    6    11    7    
6    8    5    6    8    
4    2    4    3    5    
10    7    9    5    8    
4    6    5    3    6    
4    8    8    8    8    
4    7    7    4    4    
5    2    7    12    7    
7    7    8    6    7    
3    5    4    8    8    
4    3    4    10    3    
4    8    7    8    4    
3    4    6    6    7    
3    7    2    7    5    
1    2    7    3    6    
5    6    4    8    9    
7    4    4    4    10    
5    6    6    3    3    
8    10    9    4    7    
4    8    2    9    5    
6    6    5    8    3    
4    6    4    4    5    
6    6    1    2    5    
5    7    6    11    7    
5    3    2    5    5    
8    3    8    5    6    
3    7    5    4    2    
8    4    2    5    4    
7    5    5    6    4    
5    0    4    4    7    
2    8    3    4    5    
6    9    7    3    10    
2    1    3    4    6    
6    4    3    5    5    
1    7    1    1    9    
6    4    6    3    5    
7    0    1    5    2    
5    2    10    7    5    
8    2    6    3    4    
6    6    3    2    4    
2    6    3    3    5    
5    3    3    4    7    
3    7    4    3    4    
5    1    7    1    2    
4    1    6    6    4    
2    4    6    2    5    
5    2    4    5    1    
5    5    5    3    8    
2    7    5    4    7    
2    1    3    1    1    
4    2    8    2    2    
6    2    2    4    6    
3    3    3    5    2    
3    6    4    5    1    
2    4    3    4    5    
4    0    4    5    0    
5    3    3    7    2    
3    4    7    5    6    
3    0    5    3    6    
1    4    5    1    2    
5    4    5    6    5    
4    1    4    2    6    
4    5    3    2    7    
4    3    2    6    5    
2    5    1    5    2    
5    4    3    4    4    
6    4    2    4    5    
3    3    0    2    2    
2    1    3    6    2    
6    2    1    3    4    
4    2    6    3    1    
6    0    4    2    3    
1    3    0    3    2    
9    5    1    2    1    
4    4    3    2    1    
3    3    4    4    2    
0    5    3    3    3    
4    3    4    4    6    
4    6    5    2    3    
3    4    2    3    2    
2    5    5    0    1    
6    5    5    2    3    
3    4    2    5    3    
4    1    1    3    2    
2    2    3    2    1    
5    1    3    0    2    
2    3    1    3    1    
2    3    3    0    2    
3    2    2    4    2    
2    4    1    3    1    
0    3    6    3    0    
1    3    5    4    3    
2    2    2    2    2    
1    3    2    1    2    
1    2    6    3    2    
2    1    4    2    2    
1    3    4    4    2    
2    3    4    1    2    
2    3    5    0    2    
4    3    7    2    3    
4    3    0    2    1    
2    2    3    2    0    
1    1    2    0    1    
1    4    1    5    1    
4    0    1    4    3    
1    1    1    3    2    
1    2    3    4    0    
2    2    1    2    0    
0    2    1    3    1    
1    0    3    4    2    
3    1    2    0    5    
2    2    0    0    1    
1    3    1    4    1    
2    3    0    2    0    
1    2    2    1    4    
2    4    1    1    1    
3    1    2    4    4    
1    3    2    1    6    
2    2    2    1    4    
2    0    3    3    6    
0    1    1    2    2    
3    1    3    2    1    
4    2    0    0    4    
2    1    2    0    2    
3    1    3    3    2    
7    1    2    2    2    
0    1    1    2    1    
0    1    1    4    2    
5    0    0    1    1    
3    1    1    3    1    
2    0    0    2    4    
1    2    2    4    3    
0    1    2    0    3    
1    1    5    1    4    
0    1    2    1    1    
1    3    2    2    2    
2    0    3    0    0    
2    1    0    2    0    
4    7    1    1    1    
0    0    1    1    2    
1    2    2    1    3    
1    2    0    1    2    
1    3    1    1    1    
1    2    3    2    2    
1    0    3    4    0    
3    5    2    2    3    
1    1    3    2    3    
1    1    0    1    1    
0    4    3    0    2    
3    1    0    2    1    
2    0    1    3    1    
2    0    3    3    2    
4    0    1    2    0    
2    3    1    0    4    
1    3    3    1    2    
4    0    0    1    2    
1    0    0    2    1    
1    0    2    0    0    
1    3    1    1    2    
0    1    1    1    1    
0    2    0    1    0    
0    0    2    1    1    
3    2    3    1    4    
0    0    3    2    1    
2    5    1    2    2    
1    3    1    1    1    
0    1    1    0    0    
2    0    0    1    1    
1    1    0    0    0    
1    2    1    2    1    
0    1    1    2    2    
2    2    0    1    0    
0    2    0    1    0    
1    0    1    1    1    
2    2    0    0    0    
0    1    1    1    0    
1    0    1    2    1    
1    0    2    1    1    
1    2    4    3    2    
1    2    1    0    1    
4    1    1    2    1    
1    1    1    0    2    
1    1    4    1    2    
1    1    2    1    0    
1    0    3    0    2    
3    2    2    4    3    
1    1    1    1    0    
1    0    0    0    3    
2    1    2    0    3    
1    3    1    1    3    
2    0    2    3    0    
2    2    1    1    0    
1    1    2    0    3    
0    1    0    2    0    
0    5    1    3    1    
3    3    0    1    4    
2    2    2    0    0    
1    2    1    0    0    
1    2    0    2    0    
1    0    2    2    4    
2    1    1    1    2    
1    3    2    1    1    
3    1    1    1    2    
3    2    0    0    3    
1    0    0    3    2    
1    3    2    5    0    
2    4    0    0    1    
2    1    2    1    3    
4    3    1    0    2    
5    1    1    0    0    
0    1    1    0    1    
1    1    0    1    0    
5    1    1    2    2    
1    4    3    0    1    
0    0    1    0    0    
1    2    3    2    2    
2    5    3    1    0    
2    3    2    2    5    
2    2    2    0    4    
1    1    2    1    0    
1    4    2    3    1    
2    1    2    5    0    
1    4    1    2    2    
1    1    2    2    3    
1    0    0    1    2    
2    1    0    1    2    
1    1    4    1    2    
2    1    0    3    2    
1    1    1    3    1    
0    0    1    1    0    
3    1    4    2    1    
2    5    2    2    1    
4    3    1    2    0    
2    0    1    0    1    
1    0    3    0    1    
1    1    1    2    0    
0    3    3    0    0    
0    4    3    0    0    
2    0    2    1    0    
0    0    2    1    0    
1    0    1    1    2    
3    2    1    1    1    
0    1    0    1    0    
0    2    0    2    0    
2    3    1    1    2    
2    2    0    2    0    
0    2    2    3    2    
1    1    0    1    2    
2    1    0    2    0    
3    1    1    1    0    
1    0    1    1    1    
0    1    2    0    0    
1    2    0    1    0    
2    1    0    0    0    
0    0    0    0    0    
0    0    0    0    0    
0    0    0    0    0    
0    0    0    0    0    
0    0    0    0    0    
0    0    0    0    0    
0    0    0    0    0    
0    0    0    0    0    
0    0    0    0    0    
0    0    0    0    0    
0    0    0    0    0    
0    0    0    0    0    
0    