.DATE:    1/ 1/2002 Time :00:18:13   FILE :cesium calibration.txt
ID:\Spectrum ID
Dwell Time :98µs  Sync Pulse :External  Channel Advance :Internal
CHNLS:4096 RT:    8   HWLT:    8   CRLT:    8
11701    8296    8146    8192    8134    
8192    8092    8141    8271    8108    
8153    8240    7983    8176    8367    
8180    8299    8177    8203    8218    
8150    8280    8263    8310    8355    
8064    8168    8189    8369    8296    
8256    8427    8374    8379    8222    
8222    8191    8155    8171    8256    
8088    8212    8122    8191    8098    
8156    8173    8008    8187    8191    
8216    8192    8095    8279    8237    
8126    8325    8062    8061    8107    
8119    8060    8183    8088    8004    
8124    8013    8037    7908    8033    
8122    8112    7967    8088    8107    
8082    7998    8110    8189    8127    
8142    8205    8179    8110    8125    
8121    8125    8226    8110    8063    
8294    8038    8070    8064    8125    
8079    8331    8230    8154    8216    
8159    8075    8103    8122    8118    
8271    8324    8286    8243    8372    
8234    8394    8210    8340    8417    
8449    8456    8557    8463    8692    
8656    8461    8703    8692    8844    
8661    8775    8943    8961    8921    
9135    9189    9205    9248    9272    
9376    9381    9368    9590    9646    
9761    9748    9858    9983    9877    
9978    10000    10195    10272    10361    
10155    10429    10366    10286    10503    
10582    10525    10693    10793    10674    
10642    10816    10843    10826    10915    
10966    10730    10853    10732    10860    
10867    10896    10939    11007    10835    
10651    10984    11062    10859    10750    
10833    10695    10874    10702    10965    
10599    10610    10799    10577    10794    
10648    10492    10543    10370    10423    
10401    10419    10470    10286    10182    
10263    10323    10201    10166    10228    
9869    10110    10074    10058    10079    
9951    9897    10014    9672    9698    
9796    9672    9634    9828    9675    
9657    9620    9485    9522    9460    
9594    9287    9438    9231    9204    
9248    9285    9199    9180    9254    
9359    9211    8917    8874    9070    
8983    8904    8835    8941    8556    
8834    8881    8813    8702    8787    
8797    8514    8598    8502    8561    
8607    8453    8591    8375    8343    
8452    8190    8279    8457    8246    
8440    8212    8245    8258    8145    
8071    8088    8145    8048    8104    
7847    8023    7947    7979    7757    
7999    7918    7921    7672    7668    
7766    7830    7627    7732    7678    
7795    7528    7571    7795    7751    
7502    7710    7583    7566    7564    
7479    7466    7552    7480    7457    
7353    7444    7292    7345    7455    
7240    7380    7199    7244    7325    
7257    7341    7188    7204    7321    
7283    7216    7085    7171    7063    
7103    7040    7115    7080    7042    
7082    7078    7211    6924    7115    
7148    6978    7035    6983    6950    
6983    6932    6910    7027    6880    
6934    6873    6814    6898    6897    
6818    6861    7032    6971    6915    
6985    6902    6947    6783    6878    
6895    6852    6731    6846    6890    
7028    6876    6964    6985    6851    
6941    6693    6746    6809    6830    
6672    6847    6839    6695    6875    
6522    6883    6672    6737    6859    
6598    6715    6669    6629    6583    
6598    6667    6851    6591    6622    
6627    6671    6681    6631    6774    
6777    6521    6636    6741    6817    
6573    6643    6593    6632    6612    
6714    6600    6481    6652    6711    
6526    6657    6590    6602    6549    
6652    6541    6762    6653    6606    
6561    6668    6656    6537    6586    
6572    6496    6682    6537    6714    
6552    6681    6708    6586    6630    
6553    6381    6658    6648    6608    
6719    6558    6512    6587    6495    
6611    6510    6586    6582    6668    
6607    6692    6570    6627    6502    
6728    6564    6550    6602    6594    
6657    6554    6540    6462    6518    
6651    6550    6487    6496    6632    
6634    6567    6594    6640    6690    
6448    6628    6617    6492    6635    
6559    6597    6604    6528    6684    
6593    6457    6575    6618    6668    
6580    6677    6533    6484    6644    
6542    6496    6688    6629    6665    
6543    6692    6642    6606    6646    
6765    6494    6683    6793    6686    
6696    6681    6684    6658    6742    
6615    6592    6660    6776    6718    
6736    6715    6707    6830    6729    
6694    6743    6845    6719    6718    
6866    6778    6854    6866    6778    
6784    6812    6736    6706    6830    
6720    6803    6888    6806    6832    
6888    6725    6787    6798    6834    
6896    7005    6790    6894    6860    
6898    6916    6869    6903    6812    
7009    6780    6864    6907    7009    
6971    6797    6923    6789    6904    
6927    6908    7073    6929    7137    
7007    6884    7097    7021    6937    
7071    6988    7055    6949    7000    
7144    7058    7121    6921    6948    
6942    7113    6993    7261    6887    
7069    6948    7000    7100    7030    
6982    7061    7143    6938    6950    
7072    6880    6974    7137    7058    
6880    6992    6986    6925    6919    
6956    6986    6939    6762    7006    
6877    6883    6736    6791    6968    
7010    6855    6619    6781    6721    
6676    6643    6695    6564    6657    
6648    6475    6555    6624    6473    
6520    6557    6445    6484    6302    
6352    6289    6306    6062    6251    
6121    6113    6027    5891    5907    
5918    5985    5932    5697    5792    
5769    5717    5622    5567    5563    
5449    5419    5369    5256    5277    
5212    5259    5187    5127    5099    
4918    4978    4944    4923    4709    
4648    4652    4755    4709    4550    
4488    4558    4525    4387    4273    
4402    4322    4097    4066    4148    
4110    3982    3999    3893    4022    
3907    3855    3752    3807    3688    
3706    3730    3721    3662    3587    
3521    3485    3417    3460    3518    
3265    3444    3396    3327    3362    
3288    3205    3274    3269    3278    
3276    3151    3156    3185    3109    
3194    3052    3108    3094    3053    
2963    2973    2925    2927    2929    
2914    2929    2916    2894    2891    
2780    2811    2806    2822    2769    
2753    2755    2798    2747    2695    
2774    2762    2682    2598    2740    
2715    2673    2641    2670    2751    
2692    2619    2525    2571    2513    
2427    2577    2469    2456    2439    
2471    2463    2532    2535    2520    
2504    2511    2358    2423    2404    
2408    2441    2487    2443    2363    
2409    2334    2447    2438    2390    
2282    2356    2380    2313    2278    
2346    2247    2369    2325    2337    
2217    2378    2272    2278    2275    
2237    2329    2327    2202    2244    
2310    2306    2221    2250    2270    
2261    2237    2293    2220    2368    
2286    2330    2275    2200    2326    
2253    2293    2264    2283    2256    
2217    2171    2259    2269    2240    
2228    2232    2263    2281    2159    
2291    2273    2191    2241    2235    
2283    2349    2140    2297    2238    
2232    2203    2187    2253    2264    
2247    2229    2227    2251    2285    
2316    2226    2211    2287    2268    
2267    2322    2292    2279    2328    
2352    2263    2368    2269    2286    
2326    2282    2401    2306    2434    
2408    2280    2456    2411    2314    
2435    2376    2372    2346    2370    
2415    2346    2469    2426    2496    
2445    2434    2498    2533    2576    
2608    2549    2577    2560    2534    
2709    2592    2607    2637    2571    
2724    2646    2736    2750    2780    
2855    2891    2886    2880    2956    
2867    2896    3058    3152    3112    
3105    3214    3209    3363    3257    
3246    3492    3582    3517    3680    
3608    3807    3797    3993    4067    
4121    4250    4203    4393    4534    
4586    4723    4867    5021    5056    
5132    5206    5384    5715    5734    
5907    6051    6457    6522    6746    
6796    6925    7305    7566    7790    
8026    8211    8541    8926    8980    
9233    9420    10039    10063    10249    
10845    10992    11315    11735    12077    
12305    12891    13020    13577    13922    
14236    14698    15142    15699    16069    
16248    16898    17322    17502    18075    
18675    18885    19325    19747    20289    
20828    20795    21639    22315    22592    
22899    23493    24007    24319    24836    
25198    25950    26166    26596    26861    
27708    27761    28386    28477    29323    
29643    30171    30494    30324    31124    
31296    31826    31865    32202    32292    
32463    32676    32660    33216    33027    
33659    33761    33780    33928    34046    
34071    33948    34559    34184    34239    
34272    34168    34101    33763    33846    
33928    33614    33366    33431    32972    
32869    32336    32574    31839    31603    
31418    31221    30588    30230    29966    
29720    29408    28616    28669    28295    
27260    27064    26231    25865    25514    
25007    24482    23756    23315    23254    
22397    21918    21228    21044    20202    
20034    19505    18586    17981    17769    
17423    16788    16055    15739    15191    
14628    14270    13716    13387    12866    
12584    11858    11639    11255    10833    
10300    9886    9541    9276    8685    
8441    8130    7858    7480    7019    
6774    6468    6175    6069    5711    
5590    5359    4935    4774    4596    
4454    4164    3964    3880    3678    
3410    3256    3079    3068    2861    
2726    2746    2464    2452    2342    
2263    2029    2066    1954    1865    
1866    1825    1697    1651    1632    
1488    1398    1350    1301    1305    
1212    1264    1148    1196    1074    
1120    1097    1079    1014    953    
938    955    1007    941    929    
943    908    886    861    856    
878    879    883    872    797    
840    897    843    796    819    
791    820    795    763    753    
820    776    754    740    727    
766    767    768    748    750    
759    778    740    721    719    
773    793    739    719    702    
722    748    755    678    730    
709    701    754    706    698    
704    708    686    724    683    
722    714    732    681    712    
706    620    717    682    667    
684    646    639    683    713    
656    643    695    624    661    
646    643    653    662    641    
679    691    633    657    670    
654    635    688    611    626    
642    634    645    642    598    
624    591    631    594    610    
629    632    649    623    642    
623    596    650    621    635    
629    619    636    620    596    
611    620    642    633    620    
635    620    629    589    628    
619    599    583    645    593    
618    629    625    590    664    
588    610    605    625    591    
564    594    574    638    561    
598    588    580    604    627    
565    613    580    639    559    
575    571    554    594    582    
612    591    590    576    621    
605    648    633    579    571    
593    608    579    604    597    
585    610    576    554    558    
613    598    588    551    588    
615    595    546    612    579    
573    581    629    602    552    
609    558    581    616    573    
565    593    568    565    568    
568    585    548    556    588    
540    589    586    543    543    
583    550    545    582    551    
548    551    592    533    568    
546    556    530    545    524    
566    584    553    519    527    
556    511    518    524    507    
555    547    505    561    552    
509    556    539    498    567    
516    540    511    518    488    
524    522    515    530    513    
549    520    518    507    477    
505    505    514    505    507    
487    512    489    509    509    
531    472    506    502    473    
521    488    474    483    514    
462    466    503    485    461    
492    448    497    466    471    
468    485    484    454    486    
465    482    466    477    448    
429    454    450    473    458    
477    482    450    438    442    
459    437    425    427    425    
465    455    422    398    399    
461    447    447    454    445    
430    429    424    452    432    
433    413    405    419    401    
384    419    415    412    403    
406    447    420    376    407    
398    432    431    391    421    
441    417    399    399    353    
395    407    382    402    399    
391    394    417    379    398    
387    405    357    375    396    
428    392    394    386    379    
370    356    399    383    365    
368    372    362    344    381    
395    397    365    345    372    
401    324    378    380    348    
384    366    394    339    337    
401    333    343    426    338    
345    356    345    318    333    
338    363    338    356    315    
341    362    364    348    340    
336    334    323    358    333    
340    307    339    353    336    
335    330    345    349    329    
321    331    335    338    314    
364    353    289    346    320    
330    342    354    303    319    
355    320    300    303    336    
313    303    281    301    301    
296    317    315    336    290    
292    306    315    306    306    
309    300    301    310    311    
318    300    287    293    347    
310    310    320    296    325    
299    259    301    286    276    
288    347    280    274    298    
290    290    298    264    281    
276    274    273    294    271    
273    275    286    277    280    
279    283    252    268    277    
267    265    278    288    264    
288    295    299    269    240    
292    256    288    265    243    
283    251    276    280    261    
259    268    282    280    236    
298    273    241    268    282    
271    251    253    301    274    
246    266    294    280    252    
262    263    277    258    234    
289    227    256    275    240    
242    281    257    262    225    
250    275    244    238    229    
252    246    199    237    259    
252    232    259    268    272    
255    261    213    239    269    
233    245    251    265    254    
258    250    279    231    228    
237    276    235    228    225    
241    243    239    230    231    
235    234    242    250    247    
219    230    214    228    229    
236    232    233    230    231    
212    214    238    230    233    
224    228    230    231    226    
264    222    240    222    223    
202    251    230    208    230    
237    204    248    235    210    
236    213    209    216    223    
215    208    203    210    229    
231    204    206    240    198    
199    210    216    225    207    
199    230    222    211    201    
187    200    222    225    210    
205    235    213    185    194    
206    208    182    221    204    
192    207    182    225    223    
208    203    219    209    212    
223    189    184    236    227    
206    194    192    203    219    
166    181    188    183    203    
205    218    186    201    206    
197    223    208    183    201    
211    172    207    204    188    
208    208    196    212    218    
205    211    201    214    194    
188    200    203    204    192    
230    189    218    177    214    
208    206    199    205    208    
221    197    189    211    199    
191    213    202    214    198    
231    202    232    181    190    
190    228    220    205    204    
200    196    230    191    224    
204    231    199    209    200    
188    217    205    200    199    
203    199    204    206    226    
227    180    212    206    196    
239    212    214    218    242    
219    205    206    213    215    
191    196    213    237    180    
200    178    196    214    198    
186    167    185    196    203    
211    184    187    207    186    
215    214    195    194    214    
221    200    202    190    209    
185    174    176    181    189    
202    204    198    177    167    
191    185    172    168    162    
168    183    191    160    185    
176    157    166    158    146    
153    165    148    139    150    
172    159    176    152    139    
161    151    140    151    149    
134    128    124    145    134    
152    147    139    145    153    
145    140    137    145    137    
153    133    147    143    127    
144    135    136    127    143    
138    139    113    147    120    
138    128    122    127    129    
132    123    146    139    133    
122    126    137    119    120    
122    116    130    135    127    
104    121    120    135    126    
137    105    126    126    133    
119    108    123    144    116    
128    137    121    122    149    
122    123    122    126    133    
115    150    134    139    122    
141    127    123    113    108    
129    124    110    141    116    
112    125    140    122    132    
116    133    118    114    128    
134    122    145    129    118    
123    118    115    111    117    
127    138    132    139    116    
126    140    139    140    124    
123    133    137    139    144    
149    131    127    133    131    
159    147    124    155    156    
155    142    158    157    139    
137    155    118    150    139    
156    183    155    137    153    
174    150    157    138    167    
162    164    178    173    162    
187    149    194    170    186    
172    168    172    171    173    
163    168    183    173    195    
172    168    193    193    184    
165    179    194    193    214    
176    180    181    217    184    
200    212    208    193    207    
182    186    206    191    222    
175    204    194    169    208    
185    207    188    199    207    
205    191    188    207    191    
184    196    219    217    219    
221    222    218    178    198    
209    189    204    207    195    
212    182    174    181    204    
222    201    180    168    192    
173    187    201    200    189    
183    182    162    203    184    
213    191    179    199    186    
182    194    171    192    152    
162    169    169    166    158    
165    136    157    162    170    
163    135    169    133    165    
163    140    143    144    139    
153    131    146    126    150    
131    124    124    122    124    
107    136    120    117    121    
134    132    101    115    114    
90    97    97    99    93    
97    103    75    91    81    
81    90    102    93    87    
82    84    83    85    91    
63    66    64    82    73    
59    67    59    64    75    
69    51    50    66    67    
49    56    55    38    43    
48    49    42    58    50    
40    35    41    55    48    
51    41    34    36    47    
31    30    45    27    33    
37    32    43    28    33    
41    34    40    26    22    
31    31    30    26    25    
23    35    19    25    36    
32    21    29    30    23    
23    25    24    16    24    
21    26    16    19    19    
17    18    23    18    26    
24    27    25    21    25    
24    18    17    30    18    
19    26    18    20    17    
22    23    15    16    33    
20    23    19    15    21    
18    21    22    30    30    
23    19    21    26    20    
27    26    16    32    29    
22    21    19    25    19    
17    24    19    27    19    
19    19    24    16    13    
22    14    25    17    15    
21    32    18    14    15    
22    20    25    23    18    
21    19    14    18    15    
21    16    18    21    13    
21    19    29    24    18    
16    25    18    24    26    
25    14    17    20    24    
17    14    15    9    22    
21    20    19    21    12    
20    17    21    17    16    
12    18    18    24    15    
21    12    17    14    20    
18    13    13    16    9    
20    14    8    14    17    
15    13    17    18    17    
11    11    14    8    15    
16    16    14    9    17    
16    11    12    14    15    
15    16    13    20    17    
15    15    16    10    18    
10    10    13    13    8    
12    10    11    9    7    
9    15    13    13    10    
7    12    6    9    6    
12    10    11    15    12    
14    14    8    16    17    
11    15    6    7    11    
14    7    9    9    11    
9    10    17    13    10    
8    10    10    17    10    
13    7    12    11    14    
13    12    7    14    12    
11    12    12    10    9    
9    9    7    9    11    
8    6    10    11    13    
6    7    8    13    6    
12    12    8    13    10    
7    6    6    10    9    
11    11    5    10    13    
8    14    13    11    12    
14    9    8    8    6    
10    14    7    8    5    
12    8    10    5    10    
11    2    12    8    7    
7    8    8    8    15    
9    5    13    7    10    
8    9    8    13    9    
6    9    13    7    8    
11    6    11    11    7    
12    9    10    9    9    
6    12    10    7    11    
9    10    4    4    8    
9    9    14    10    9    
11    15    9    5    10    
4    9    4    9    9    
9    11    8    3    9    
9    8    12    7    6    
7    5    6    5    4    
11    4    5    7    4    
6    6    12    9    9    
7    7    7    10    6    
5    13    9    6    2    
5    3    7    1    7    
12    8    5    8    5    
7    4    4    11    4    
8    6    4    8    17    
8    6    6    5    5    
10    10    6    7    9    
11    9    10    13    10    
10    8    4    9    6    
8    4    11    5    8    
12    10    8    11    7    
7    3    10    5    6    
5    14    3    5    9    
8    12    5    5    6    
5    5    6    5    5    
6    2    8    8    8    
7    5    4    3    4    
8    6    5    6    11    
7    4    4    6    8    
4    7    5    7    8    
4    12    4    2    8    
5    6    9    10    6    
5    2    6    3    10    
2    5    5    3    9    
8    11    8    7    7    
8    10    6    8    7    
4    3    5    9    6    
9    8    6    8    9    
8    4    6    5    8    
3    5    11    2    10    
7    9    5    7    6    
6    6    2    2    8    
7    5    6    10    6    
5    5    8    13    6    
3    5    6    2    8    
5    6    7    3    8    
6    6    4    3    8    
4    6    6    6    4    
4    4    5    11    4    
6    6    8    2    7    
6    10    5    4    5    
13    5    4    9    5    
6    8    5    8    3    
12    3    7    2    4    
4    6    3    4    6    
4    5    4    5    8    
6    5    4    6    4    
7    9    5    7    6    
6    5    11    5    4    
3    7    7    10    7    
4    6    7    5    7    
6    9    8    8    7    
5    1    5    5    2    
4    10    7    5    4    
4    3    8    4    4    
6    4    6    5    7    
3    4    7    4    3    
5    2    1    6    9    
8    3    5    8    4    
4    7    9    4    10    
6    6    7    9    5    
4    8    6    4    8    
5    7    3    1    6    
4    5    5    3    6    
4    4    7    6    8    
4    6    8    9    9    
3    5    5    1    4    
4    2    3    5    7    
5    2    4    3    4    
4    5    6    2    5    
4    5    5    6    2    
3    6    7    5    0    
3    3    4    7    5    
5    4    3    4    5    
2    4    3    3    4    
2    4    2    3    0    
3    2    4    3    3    
2    5    4    3    6    
3    1    7    5    2    
5    4    2    8    4    
8    5    4    4    1    
4    2    2    2    1    
4    3    4    5    5    
3    2    4    2    4    
3    2    5    7    1    
2    3    1    3    3    
3    5    7    2    5    
5    3    5    3    4    
5    4    3    4    3    
4    3    3    2    2    
3    8    5    5    4    
1    4    3    4    6    
7    5    3    6    5    
4    3    7    2    5    
4    4    2    4    3    
3    4    6    3    1    
3    3    2    4    3    
5    4    1    5    1    
1    2    4    3    5    
6    1    4    6    4    
3    3    3    5    4    
6    2    4    5    3    
2    4    4    8    5    
4    4    5    1    5    
3    4    2    4    4    
6    4    4    3    2    
2    3    3    3    2    
2    2    4    2    0    
1    8    6    1    2    
4    1    7    3    1    
2    3    2    1    4    
2    7    1    6    4    
1    3    5    5    2    
2    7    2    3    4    
2    3    3    3    4    
4    1    2    2    3    
1    5    2    3    5    
1    4    5    2    0    
3    4    5    4    3    
4    5    3    2    3    
1    5    0    3    4    
3    3    5    7    1    
1    2    2    3    4    
0    5    2    8    4    
3    7    1    3    3    
2    4    6    0    8    
2    4    4    4    2    
4    3    5    5    8    
2    6    3    4    1    
2    2    3    4    3    
4    3    2    5    2    
1    2    3    5    0    
2    5    2    2    4    
5    7    6    4    2    
1    3    3    5    6    
4    3    2    3    2    
3    3    2    2    2    
3    3    2    2    4    
3    4    1    2    2    
0    1    4    6    4    
2    3    1    3    2    
4    3    2    1    0    
6    2    3    4    6    
2    2    2    3    4    
2    1    3    2    2    
4    4    3    2    1    
4    5    2    3    3    
2    5    2    6    5    
5    3    5    1    2    
2    3    3    1    2    
3    0    3    2    4    
1    1    2    4    2    
4    3    3    0    6    
2    2    2    5    5    
2    3    3    1    2    
3    1    0    4    1    
2    3    2    0    3    
1    2    3    4    1    
3    4    1    0    1    
2    2    0    1    1    
2    2    3    1    1    
0    2    6    3    7    
2    2    4    4    1    
2    3    2    3    3    
2    0    3    0    4    
2    4    4    4    2    
2    2    2    2    6    
3    5    5    2    2    
3    4    4    3    4    
4    0    4    3    5    
6    1    0    0    6    
4    1    4    1    1    
3    2    2    1    4    
3    3    5    4    1    
6    3    3    2    2    
4    1    2    2    2    
8    5    4    5    1    
4    6    6    3    3    
1    2    4    3    2    
0    1    3    6    1    
2    1    4    7    5    
2    3    7    1    3    
1    3    6    2    3    
0    5    2    2    2    
6    2    3    1    2    
1    3    1    4    1    
2    5    2    0    5    
3    0    4    1    0    
7    1    3    4    3    
2    1    2    4    3    
5    3    3    3    1    
2    1    1    3    3    
2    4    3    4    1    
4    1    4    2    6    
4    4    2    4    1    
1    2    1    1    2    
7    5    4    2    5    
3    4    3    1    5    
3    3    1    2    4    
4    2    3    2    6    
0    2    4    2    2    
2    6    2    0    2    
4    3    4    4    2    
6    4    3    2    5    
3    3    5    3    2    
6    2    3    1    5    
6    7    3    2    0    
4    4    2    2    4    
4    1    0    4    3    
4    2    3    2    5    
1    4    3    6    3    
3    4    4    2    1    
2    2    4    3    3    
1    4    4    2    0    
5    4    1    3    1    
1    1    3    4    4    
4    6    5    0    3    
1    2    3    2    5    
5    2    4    3    0    
2    0    0    2    3    
1    3    1    4    2    
4    0    3    3    2    
3    3    4    2    1    
3    2    2    2    1    
4    0    1    4    1    
6    4    2    2    2    
3    2    2    4    1    
2    1    4    1    1    
4    4    1    2    2    
2    4    4    1    1    
0    3    1    4    0    
4    0    1    3    2    
1    2    4    2    4    
4    7    3    5    1    
3    4    0    1    2    
2    1    2    4    5    
2    4    2    1    3    
0    2    3    1    4    
2    7    2    3    6    
0    0    3    2    2    
3    1    0    0    0    
0    0    0    0    0    
0    0    0    0    0    
0    0    0    0    0    
0    0    0    0    0    
0    0    0    0    0    
0    0    0    0    0    
0    0    0    0    0    
0    0    0    0    0    
0    0    0    0    0    
0    0    0    0    0    
0    0    0    0    0    
0    0    0    0    0    
0    