.DATE:    1/ 1/2002 Time :00:32:14   FILE :cobalt claibration.txt
ID:\Spectrum ID
Dwell Time :98µs  Sync Pulse :External  Channel Advance :Internal
CHNLS:4096 RT:  500   HWLT:  500   CRLT:  500
3326    2501    2515    2529    2413    
2479    2477    2445    2464    2438    
2466    2450    2401    2380    2421    
2424    2267    2488    2478    2355    
2443    2429    2377    2458    2401    
2379    2363    2348    2346    2433    
2383    2402    2338    2361    2420    
2326    2274    2341    2288    2408    
2344    2328    2296    2348    2217    
2370    2247    2316    2252    2281    
2337    2283    2203    2339    2254    
2267    2286    2321    2301    2297    
2372    2264    2196    2289    2306    
2194    2275    2313    2265    2233    
2321    2275    2341    2219    2225    
2192    2154    2291    2177    2221    
2227    2283    2271    2179    2229    
2167    2167    2219    2253    2130    
2283    2273    2192    2206    2234    
2208    2153    2204    2176    2255    
2286    2183    2214    2251    2219    
2201    2217    2128    2262    2284    
2191    2259    2218    2178    2201    
2258    2192    2204    2224    2265    
2325    2285    2203    2211    2208    
2262    2230    2319    2285    2295    
2208    2343    2306    2211    2301    
2282    2229    2337    2249    2245    
2358    2301    2276    2231    2268    
2229    2208    2248    2281    2277    
2250    2282    2269    2131    2294    
2245    2269    2153    2277    2277    
2234    2264    2228    2271    2261    
2236    2250    2245    2210    2240    
2325    2244    2289    2209    2145    
2174    2203    2241    2177    2278    
2307    2240    2253    2265    2381    
2214    2339    2414    2338    2431    
2324    2355    2331    2351    2266    
2340    2342    2413    2438    2418    
2379    2486    2498    2420    2675    
2475    2441    2537    2568    2530    
2501    2527    2444    2700    2579    
2479    2498    2512    2532    2438    
2574    2484    2539    2572    2555    
2526    2509    2509    2497    2512    
2497    2383    2443    2453    2401    
2407    2440    2448    2531    2468    
2465    2442    2369    2282    2349    
2336    2440    2399    2423    2355    
2426    2352    2369    2182    2310    
2339    2327    2404    2399    2210    
2235    2284    2234    2197    2221    
2240    2240    2198    2251    2236    
2140    2225    2154    2242    2118    
2120    2148    2197    2172    2152    
2192    2176    2112    2196    2043    
2050    2093    2227    2153    2085    
2028    2057    2022    2128    2025    
2075    2079    2113    2041    2113    
1998    2049    2103    2050    1988    
2084    2037    2110    2079    2019    
2084    2076    2092    2028    2049    
1928    2004    2000    2036    2042    
2021    2014    2036    2062    2073    
2039    2020    2011    1940    1995    
1965    2033    1955    1987    1987    
1992    1928    1993    1972    1956    
1874    1934    1951    1994    1906    
1938    1964    1915    1819    1861    
1978    1949    2028    1866    1911    
1886    1865    1930    1911    1926    
1948    1952    1964    1877    1884    
1948    1914    1876    1902    1875    
1864    1923    1979    1952    1882    
1898    1903    1936    1816    1820    
1926    1875    1892    1967    1897    
1807    1769    1893    1848    1925    
1851    1860    1831    1863    1823    
1766    1862    1790    1785    1845    
1817    1842    1820    1819    1730    
1809    1807    1781    1705    1755    
1759    1727    1831    1731    1725    
1708    1769    1687    1670    1747    
1653    1709    1668    1661    1589    
1748    1693    1668    1702    1688    
1755    1710    1649    1713    1667    
1728    1674    1681    1747    1707    
1696    1671    1675    1693    1631    
1642    1680    1568    1621    1641    
1662    1669    1680    1640    1594    
1608    1681    1634    1633    1691    
1593    1622    1622    1560    1599    
1695    1639    1656    1583    1677    
1684    1632    1648    1589    1564    
1617    1563    1673    1629    1702    
1656    1582    1685    1591    1577    
1655    1610    1633    1694    1596    
1623    1607    1640    1614    1582    
1556    1519    1639    1551    1596    
1592    1583    1585    1571    1536    
1640    1597    1585    1527    1518    
1627    1598    1604    1562    1520    
1578    1568    1555    1570    1608    
1597    1567    1516    1536    1593    
1518    1610    1577    1571    1567    
1559    1475    1542    1618    1562    
1590    1516    1566    1517    1572    
1523    1542    1556    1514    1548    
1491    1522    1551    1526    1582    
1515    1497    1511    1534    1498    
1515    1538    1451    1475    1534    
1530    1439    1486    1521    1528    
1509    1532    1529    1514    1584    
1519    1541    1507    1416    1498    
1472    1518    1540    1507    1502    
1507    1504    1463    1400    1568    
1489    1467    1529    1457    1550    
1490    1420    1447    1492    1403    
1542    1477    1557    1481    1480    
1459    1489    1481    1435    1443    
1521    1509    1502    1443    1464    
1522    1414    1516    1484    1501    
1482    1427    1538    1510    1506    
1501    1461    1470    1443    1452    
1504    1463    1460    1463    1517    
1475    1508    1482    1487    1555    
1477    1449    1493    1541    1524    
1470    1424    1477    1454    1423    
1461    1475    1480    1478    1454    
1475    1394    1478    1455    1496    
1478    1490    1472    1474    1455    
1422    1455    1381    1445    1437    
1471    1489    1489    1541    1488    
1419    1387    1476    1488    1479    
1520    1528    1496    1425    1421    
1430    1447    1510    1495    1530    
1448    1485    1440    1456    1475    
1447    1388    1415    1428    1404    
1439    1393    1495    1437    1416    
1450    1439    1473    1476    1428    
1432    1427    1396    1454    1449    
1447    1473    1490    1470    1434    
1387    1377    1366    1462    1413    
1404    1487    1465    1434    1464    
1447    1379    1423    1416    1416    
1410    1448    1511    1436    1408    
1423    1445    1491    1497    1398    
1489    1454    1423    1497    1392    
1443    1480    1445    1398    1487    
1507    1389    1424    1417    1554    
1457    1465    1401    1464    1437    
1406    1482    1425    1471    1434    
1468    1447    1456    1448    1429    
1498    1444    1469    1376    1483    
1459    1511    1452    1358    1478    
1481    1416    1482    1415    1419    
1520    1432    1453    1407    1476    
1465    1467    1475    1418    1452    
1453    1392    1432    1394    1526    
1418    1457    1481    1496    1410    
1419    1435    1415    1424    1413    
1412    1389    1399    1398    1451    
1522    1464    1484    1437    1508    
1437    1413    1439    1370    1398    
1380    1413    1463    1475    1454    
1468    1445    1371    1514    1427    
1397    1428    1454    1411    1463    
1422    1404    1505    1478    1493    
1447    1448    1423    1487    1439    
1478    1436    1399    1450    1439    
1441    1474    1476    1425    1438    
1453    1479    1490    1484    1456    
1417    1514    1420    1452    1400    
1423    1495    1432    1437    1428    
1381    1456    1435    1455    1550    
1502    1444    1430    1319    1459    
1470    1468    1409    1473    1369    
1375    1425    1463    1431    1478    
1436    1374    1423    1425    1477    
1410    1438    1442    1409    1459    
1507    1491    1410    1446    1455    
1516    1426    1405    1415    1466    
1409    1430    1481    1536    1383    
1445    1414    1422    1323    1428    
1417    1475    1424    1459    1497    
1535    1461    1483    1469    1489    
1437    1432    1476    1448    1452    
1488    1495    1419    1455    1452    
1461    1508    1405    1413    1369    
1437    1432    1509    1485    1490    
1426    1530    1435    1452    1495    
1460    1475    1443    1462    1492    
1414    1422    1556    1589    1466    
1537    1528    1438    1469    1480    
1558    1543    1442    1435    1449    
1469    1494    1471    1484    1411    
1507    1484    1432    1434    1450    
1470    1534    1534    1516    1472    
1495    1484    1455    1405    1489    
1544    1471    1497    1526    1494    
1449    1484    1510    1507    1427    
1442    1482    1489    1449    1454    
1518    1494    1540    1582    1551    
1531    1529    1496    1536    1421    
1522    1479    1433    1502    1605    
1566    1503    1558    1460    1444    
1558    1551    1563    1517    1456    
1500    1536    1479    1483    1490    
1571    1556    1533    1503    1530    
1533    1540    1515    1556    1482    
1530    1500    1505    1444    1482    
1486    1449    1485    1526    1515    
1454    1557    1512    1563    1544    
1461    1570    1530    1521    1422    
1570    1465    1534    1472    1568    
1537    1517    1491    1522    1541    
1508    1524    1528    1534    1491    
1572    1519    1523    1479    1549    
1482    1540    1509    1493    1508    
1460    1515    1492    1458    1550    
1486    1572    1570    1425    1466    
1550    1521    1479    1543    1542    
1513    1544    1519    1518    1553    
1527    1470    1552    1539    1531    
1474    1569    1602    1506    1519    
1510    1485    1549    1505    1452    
1509    1512    1497    1452    1584    
1538    1498    1501    1523    1509    
1477    1539    1537    1588    1552    
1552    1521    1445    1492    1530    
1521    1516    1480    1626    1536    
1542    1514    1540    1527    1602    
1472    1571    1603    1550    1600    
1478    1546    1581    1499    1547    
1520    1545    1512    1480    1522    
1528    1537    1564    1498    1595    
1592    1514    1633    1559    1577    
1533    1523    1538    1561    1606    
1532    1638    1511    1569    1568    
1620    1657    1519    1609    1560    
1530    1551    1527    1492    1535    
1606    1621    1546    1586    1616    
1585    1564    1464    1623    1556    
1567    1650    1620    1554    1562    
1628    1627    1500    1578    1615    
1538    1620    1584    1574    1572    
1611    1686    1512    1602    1619    
1636    1617    1595    1531    1570    
1637    1638    1600    1664    1626    
1559    1614    1666    1615    1603    
1548    1634    1597    1640    1604    
1688    1643    1587    1624    1584    
1615    1541    1627    1599    1663    
1626    1647    1597    1630    1677    
1584    1643    1599    1621    1734    
1745    1544    1590    1672    1651    
1648    1607    1645    1668    1674    
1648    1664    1693    1586    1618    
1670    1642    1715    1595    1616    
1664    1688    1663    1761    1728    
1664    1618    1678    1707    1649    
1635    1701    1637    1690    1701    
1621    1675    1653    1649    1650    
1705    1739    1686    1759    1796    
1659    1631    1651    1651    1717    
1693    1658    1750    1667    1711    
1711    1749    1673    1735    1635    
1724    1710    1691    1707    1794    
1699    1768    1636    1739    1700    
1709    1742    1746    1723    1701    
1804    1788    1771    1762    1708    
1798    1749    1793    1739    1782    
1776    1747    1757    1714    1725    
1738    1834    1697    1787    1784    
1751    1793    1777    1813    1722    
1788    1804    1761    1837    1862    
1768    1804    1807    1803    1753    
1764    1707    1787    1803    1777    
1885    1753    1775    1790    1794    
1797    1843    1771    1846    1855    
1855    1842    1780    1796    1812    
1813    1765    1877    1730    1666    
1862    1857    1750    1789    1802    
1849    1765    1789    1820    1783    
1835    1797    1817    1913    1832    
1733    1922    1793    1885    1807    
1845    1891    1834    1972    1812    
1868    1792    1840    1814    1776    
1828    1783    1893    1819    1902    
1845    1823    1861    1774    1857    
1905    1872    1927    1833    1874    
1791    1808    1851    1870    1852    
1833    1819    1894    1881    1825    
1827    1814    1881    1871    1884    
1889    1887    1886    1874    1921    
1822    1913    1916    1838    1832    
1860    1852    1866    1863    1874    
1892    1836    1883    1865    1852    
1904    1968    1911    1883    1856    
1903    1889    1849    1904    1931    
1868    1886    1914    1864    1897    
1843    1884    1816    1895    1894    
1816    1816    1828    1814    1801    
1743    1910    1826    1829    1887    
1811    1844    1815    1834    1820    
1839    1740    1762    1748    1834    
1751    1778    1792    1831    1807    
1802    1726    1695    1686    1736    
1778    1772    1707    1713    1752    
1730    1751    1672    1740    1674    
1700    1637    1627    1701    1684    
1626    1625    1557    1680    1631    
1591    1639    1665    1579    1577    
1564    1598    1649    1530    1552    
1569    1650    1530    1478    1567    
1576    1504    1511    1505    1546    
1518    1523    1480    1496    1452    
1456    1422    1478    1481    1448    
1505    1474    1475    1423    1420    
1452    1413    1453    1415    1498    
1483    1389    1407    1351    1451    
1411    1397    1372    1344    1389    
1363    1344    1411    1341    1326    
1338    1342    1361    1310    1353    
1351    1338    1317    1276    1362    
1329    1338    1321    1317    1348    
1278    1291    1289    1280    1265    
1294    1273    1319    1283    1318    
1302    1262    1298    1272    1354    
1229    1326    1214    1230    1273    
1240    1242    1232    1206    1174    
1161    1272    1153    1171    1252    
1181    1230    1171    1131    1255    
1274    1184    1219    1195    1206    
1193    1210    1273    1275    1227    
1293    1195    1199    1168    1209    
1217    1223    1209    1195    1157    
1160    1199    1133    1201    1137    
1140    1195    1192    1176    1229    
1166    1200    1165    1208    1191    
1172    1244    1136    1195    1188    
1194    1168    1183    1120    1136    
1198    1249    1145    1210    1146    
1117    1153    1122    1178    1197    
1155    1187    1162    1171    1154    
1179    1155    1155    1175    1124    
1108    1168    1156    1133    1170    
1181    1072    1130    1115    1169    
1251    1153    1166    1172    1158    
1149    1097    1146    1150    1167    
1147    1211    1147    1114    1178    
1123    1142    1236    1092    1175    
1108    1119    1146    1156    1087    
1119    1147    1121    1191    1065    
1187    1147    1135    1095    1119    
1053    1108    1104    1124    1114    
1110    1016    1104    1142    1056    
1060    1079    1102    1094    1113    
1104    1126    1095    1113    1134    
1131    1079    1110    1099    1056    
1038    1025    1046    1087    1030    
1014    1038    1070    1030    1037    
1006    1063    1102    1017    1053    
1046    956    1026    1062    1009    
1034    1012    1043    997    1047    
1011    964    1022    1020    1067    
992    1023    965    975    892    
997    1006    968    966    950    
1009    972    999    926    945    
930    1047    996    977    1025    
991    1002    984    1032    971    
987    1040    1018    1012    1022    
1037    1058    1009    1075    1068    
1035    1043    1032    999    1086    
1097    1109    1148    1084    1060    
1115    1204    1175    1205    1183    
1247    1204    1271    1223    1276    
1259    1263    1323    1378    1337    
1384    1473    1479    1444    1528    
1581    1552    1627    1598    1604    
1589    1714    1715    1793    1803    
1814    1861    1857    1974    2055    
1971    2087    2098    2096    2133    
2155    2286    2257    2330    2502    
2441    2446    2532    2560    2593    
2543    2625    2724    2776    2825    
2892    2876    2855    3018    3019    
3064    3117    3271    3246    3286    
3306    3371    3386    3461    3446    
3543    3574    3564    3600    3822    
3785    3715    3782    3876    3981    
4050    3976    3895    4072    4013    
4145    4072    4155    4175    4154    
4293    4340    4345    4458    4508    
4381    4475    4626    4499    4472    
4630    4455    4603    4565    4580    
4533    4691    4550    4684    4402    
4553    4526    4632    4512    4624    
4532    4532    4511    4497    4509    
4587    4418    4497    4525    4400    
4424    4465    4394    4378    4234    
4357    4181    4220    4210    4100    
4080    4172    4027    4052    3987    
3931    3915    3802    3734    3790    
3702    3651    3646    3506    3489    
3401    3454    3289    3354    3305    
3142    3181    3159    3077    2971    
2946    2867    2885    2799    2758    
2746    2670    2635    2584    2497    
2415    2504    2388    2299    2290    
2190    2096    2017    2138    1996    
1988    1921    1853    1878    1796    
1739    1712    1618    1652    1544    
1578    1546    1482    1412    1364    
1315    1274    1242    1308    1231    
1131    1115    1053    1139    1057    
1029    924    967    954    922    
928    857    795    819    851    
777    755    700    732    669    
634    664    621    602    591    
628    587    603    555    552    
558    543    531    515    498    
507    502    481    466    464    
449    430    426    438    411    
436    421    441    447    437    
440    416    393    424    388    
408    464    395    454    443    
433    434    421    414    440    
450    430    440    446    442    
479    471    471    483    459    
472    508    531    543    555    
577    563    561    624    601    
613    604    678    654    648    
675    683    710    782    743    
786    763    777    786    847    
790    854    861    925    950    
940    1030    1027    1041    1042    
1026    1027    1063    1155    1159    
1224    1235    1248    1279    1332    
1371    1341    1412    1415    1444    
1465    1551    1606    1566    1664    
1641    1719    1774    1759    1785    
1768    1851    1926    1944    2012    
1952    2043    2129    2085    2218    
2109    2360    2313    2296    2256    
2404    2450    2385    2506    2498    
2494    2657    2622    2722    2664    
2794    2821    2747    2911    2763    
2930    2959    3023    3063    3117    
3008    3123    3103    3210    3329    
3244    3147    3325    3268    3426    
3402    3315    3411    3436    3505    
3406    3540    3495    3600    3531    
3508    3512    3556    3538    3646    
3475    3602    3731    3528    3631    
3703    3615    3703    3610    3599    
3694    3718    3625    3596    3653    
3618    3593    3623    3643    3519    
3569    3420    3448    3498    3409    
3516    3493    3379    3403    3320    
3303    3349    3289    3243    3219    
3216    3205    3077    3156    3046    
3032    3044    3024    2912    3023    
2993    2857    2784    2791    2807    
2752    2611    2590    2662    2594    
2483    2467    2435    2413    2445    
2422    2320    2268    2246    2186    
2179    2091    2105    1989    1963    
2016    1918    1821    1818    1835    
1765    1740    1672    1708    1628    
1584    1550    1489    1513    1519    
1438    1339    1421    1380    1362    
1199    1264    1184    1216    1127    
1125    1068    1041    1084    1000    
930    943    940    959    905    
836    818    806    780    828    
746    724    725    673    673    
610    668    563    620    607    
661    600    557    520    518    
486    497    485    457    426    
444    421    394    393    417    
371    395    351    398    349    
378    333    338    334    335    
294    314    296    301    322    
293    271    276    258    250    
281    251    253    264    218    
215    224    234    235    235    
221    235    228    224    243    
214    208    215    223    212    
198    197    184    191    209    
210    202    204    177    176    
192    217    172    198    190    
197    189    175    180    192    
177    212    155    211    182    
186    172    169    149    172    
181    176    147    193    170    
192    178    196    158    178    
157    158    182    176    162    
161    214    172    171    179    
173    162    137    189    135    
170    169    153    168    148    
160    161    192    157    184    
192    166    168    172    177    
160    155    194    174    164    
178    151    169    158    174    
153    167    179    184    155    
152    168    183    161    177    
178    156    164    174    156    
170    178    155    177    179    
155    167    158    159    166    
150    164    178    130    167    
160    143    177    177    136    
165    165    150    159    155    
163    145    168    166    151    
155    158    149    133    150    
170    149    144    158    167    
150    167    164    142    142    
141    176    180    141    156    
155    171    153    143    142    
168    155    164    158    154    
167    150    166    134    130    
169    150    146    153    136    
145    131    153    136    140    
159    162    136    148    143    
151    154    133    155    160    
143    163    163    146    151    
159    152    143    156    144    
150    143    142    133    138    
148    157    159    140    160    
150    129    166    139    141    
133    155    148    146    138    
139    129    171    159    138    
153    143    137    156    152    
132    160    153    148    147    
162    137    137    141    146    
161    152    157    144    178    
154    137    137    143    142    
132    127    151    156    143    
143    154    148    143    141    
137    175    143    153    155    
141    141    143    134    131    
138    151    144    143    144    
139    137    128    137    156    
136    157    157    143    145    
130    133    153    168    135    
130    125    144    118    132    
133    148    134    132    133    
149    163    145    126    155    
165    132    163    130    145    
153    148    122    140    134    
144    163    146    140    142    
149    153    124    144    146    
133    122    138    148    128    
137    146    141    150    134    
132    140    146    131    150    
114    136    160    118    148    
140    141    129    146    128    
122    130    132    132    128    
123    130    133    117    130    
126    122    132    123    114    
116    133    137    163    133    
120    138    131    145    139    
134    137    117    130    130    
108    141    118    121    151    
144    133    136    137    118    
139    112    118    144    126    
116    127    113    105    135    
136    138    124    154    110    
138    138    127    114    127    
142    134    122    125    120    
138    123    116    124    128    
137    137    132    119    148    
104    107    138    117    108    
128    122    129    114    107    
111    132    157    135    135    
132    119    122    136    114    
125    117    104    144    139    
139    115    124    129    134    
117    144    126    143    123    
107    125    130    120    121    
105    125    141    132    125    
93    120    126    122    121    
120    125    92    117    126    
115    100    126    119    125    
115    124    116    111    117    
131    113    101    109    94    
119    101    113    122    114    
118    105    129    123    118    
134    122    112    116    111    
107    110    122    105    123    
137    130    105    122    124    
120    127    138    120    129    
124    137    113    122    113    
134    105    120    111    104    
113    128    129    142    115    
124    113    107    123    123    
124    109    114    106    122    
132    122    128    109    119    
92    115    116    112    121    
135    114    113    122    112    
104    111    122    94    125    
111    125    87    108    124    
109    108    110    97    100    
113    117    100    100    106    
111    120    125    101    94    
101    111    117    96    117    
108    116    119    91    110    
104    90    100    128    85    
128    106    109    119    121    
104    114    113    101    120    
127    110    134    104    126    
108    115    115    113    86    
106    113    107    118    89    
100    110    144    97    106    
111    95    104    107    98    
115    95    95    119    106    
107    109    106    106    128    
105    124    102    107    108    
102    115    119    112    94    
101    105    114    109    88    
103    94    115    110    95    
106    98    124    103    112    
110    118    113    100    102    
104    97    95    96    95    
114    102    103    106    91    
102    86    103    109    115    
109    109    89    104    98    
98    113    91    113    107    
78    120    96    109    110    
107    109    107    98    100    
102    92    130    96    110    
110    111    100    92    98    
95    104    110    110    104    
92    95    97    110    96    
108    107    109    102    105    
103    110    74    103    119    
105    109    114    93    100    
100    95    119    121    100    
114    107    89    106    99    
109    95    85    102    94    
104    117    110    102    92    
83    129    124    97    115    
92    107    104    112    106    
104    106    97    90    95    
99    119    97    96    88    
97    78    103    107    81    
93    101    90    103    104    
88    94    89    98    113    
95    104    116    115    94    
92    110    111    89    76    
80    100    95    86    99    
93    104    77    100    95    
87    140    97    81    79    
95    85    91    92    100    
91    91    92    97    113    
98    110    107    87    82    
104    82    101    106    89    
94    83    89    104    108    
87    96    97    76    85    
97    92    78    100    102    
85    93    91    84    102    
78    103    81    102    90    
98    74    108    79    94    
109    110    72    111    94    
90    83    94    95    94    
105    90    105    88    82    
106    96    103    89    80    
85    83    97    87    90    
78    88    84    98    83    
92    97    98    89    90    
89    84    93    85    91    
98    100    94    86    97    
86    79    77    83    70    
87    102    111    77    101    
79    73    87    92    90    
89    94    96    99    104    
76    90    88    78    95    
84    93    78    101    77    
92    74    81    84    100    
83    94    92    107    78    
83    83    96    75    95    
96    99    90    93    86    
92    90    79    94    82    
93    78    78    98    103    
87    97    76    103    106    
84    88    97    76    92    
79    93    94    100    98    
101    89    82    90    99    
90    90    95    91    77    
67    89    86    76    83    
72    63    80    85    81    
82    74    91    89    83    
80    81    90    72    95    
75    86    83    90    79    
80    70    88    76    71    
90    73    80    89    81    
76    87    82    85    87    
80    97    77    84    83    
83    68    91    73    82    
77    95    78    78    71    
115    93    90    88    95    
95    75    78    93    73    
100    107    100    98    64    
82    81    89    112    87    
88    97    76    75    83    
75    94    78    85    81    
80    93    68    88    89    
94    77    81    76    97    
78    90    78    75    73    
68    76    77    79    77    
69    71    76    87    98    
77    97    82    82    74    
87    86    71    89    87    
77    84    74    74    89    
86    75    85    76    103    
82    82    78    92    75    
66    75    71    90    66    
91    79    92    85    94    
77    80    77    88    82    
93    74    75    86    77    
84    68    78    80    79    
81    87    84    77    99    
74    69    81    87    84    
67    84    84    80    59    
72    79    83    77    79    
81    83    86    94    90    
75    74    80    70    93    
78    90    82    78    73    
67    67    90    84    89    
83    65    90    85    83    
84    81    82    70    63    
91    78    83    87    83    
68    78    76    88    84    
82    86    68    83    75    
104    82    94    66    83    
84    63    68    66    87    
74    92    63    67    72    
60    87    69    83    76    
78    77    68    80    84    
89    81    68    85    80    
73    67    86    65    97    
79    69    74    89    75    
71    77    80    76    73    
87    83    84    68    72    
81    79    68    87    79    
85    71    80    70    95    
78    73    89    74    67    
88    82    72    85    72    
76    82    87    79    93    
71    77    87    67    84    
75    94    74    73    83    
97    67    65    94    65    
59    84    83    63    84    
86    73    74    76    85    
69    88    72    89    68    
70    83    83    83    79    
66    74    73    87    94    
84    85    80    79    64    
84    90    82    72    64    
83    90    78    80    81    
80    71    72    83    69    
61    82    77    77    79    
83    64    70    68    67    
90    72    92    76    68    
79    74    65    82    74    
85    92    81    89    88    
78    83    81    84    63    
70    78    95    90    73    
103    77    86    72    77    
97    79    86    75    96    
87    83    67    89    69    
66    85    65    68    76    
86    77    81    77    74    
85    73    73    78    73    
91    69    93    75    58    
96    69    80    76    89    
87    92    87    74    78    
81    69    81    65    72    
77    77    85    86    65    
63    86    68    84    75    
82    68    69    70    69    
88    83    67    83    76    
66    75    85    71    89    
77    59    76    84    80    
72    86    83    75    99    
92    77    78    78    83    
65    76    58    82    72    
86    75    82    96    64    
65    89    86    83    69    
84    78    66    66    61    
70    88    70    68    76    
60    74    80    84    90    
73    84    89    81    74    
64    67    66    68    90    
76    51    70    64    68    
62    78    62    74    67    
73    83    68    72    84    
65    67    74    67    64    
64    68    82    78    74    
76    85    52    52    64    
66    71    76    65    72    
68    66    61    59    74    
66    82    74    77    79    
73    61    68    71    67    
62    71    71    64    63    
59    47    0    0    0    
0    0    0    0    0    
0    0    0    0    0    
0    0    0    0    0    
0    0    0    0    0    
0    0    0    0    0    
0    0    0    0    0    
0    0    0    0    0    
0    0    0    0    0    
0    0    0    0    0    
0    0    0    0    0    
0    0    0    0    0    
0    0    0    0    0    
0    